#	x_axis	y_axis
	 0	0.203962
	 1	0.00439802
	 2	-0.533375
	 3	-0.667573
	 4	-0.566296
	 5	-0.416085
	 6	-0.41888
	 7	-0.481768
	 8	-0.49926
	 9	-0.401421
	 10	-0.398589
	 11	-0.493901
	 12	-0.540676
	 13	-0.527209
	 14	-0.599057
	 15	-0.793084
	 16	-0.797784
	 17	-0.788009
	 18	-0.722419
	 19	-0.716023
	 20	-0.747756
	 21	-0.629284
	 22	-0.54039
	 23	-0.583036
	 24	-0.554271
	 25	-0.473503
	 26	-0.427468
	 27	-0.670237
	 28	-0.799592
	 29	-0.799971
	 30	-0.650134
	 31	-0.614199
	 32	-0.609426
	 33	-0.610268
	 34	-0.521368
	 35	-0.470292
	 36	-0.430619
	 37	-0.358139
	 38	-0.21651
	 39	-0.374485
	 40	-0.837829
	 41	-0.987393
	 42	-0.904129
	 43	-0.653357
	 44	-0.490863
	 45	-0.676246
	 46	-0.695921
	 47	-0.639159
	 48	-0.559682
	 49	-0.506344
	 50	-0.438208
	 51	-0.345396
	 52	-0.57808
	 53	-0.918113
	 54	-0.878551
	 55	-0.77293
	 56	-0.585602
	 57	-0.46464
	 58	-0.809442
	 59	-1.11352
	 60	-0.964274
	 61	-0.798553
	 62	-0.503364
	 63	-0.169889
	 64	-0.273226
	 65	-0.592207
	 66	-0.644657
	 67	-0.512369
	 68	-0.455484
	 69	-0.61655
	 70	-0.627653
	 71	-0.28949
	 72	0.129802
	 73	0.169005
	 74	-0.209065
	 75	-0.448272
	 76	-0.391034
	 77	-0.519813
	 78	-0.889591
	 79	-1.10559
	 80	-1.01791
	 81	-0.740058
	 82	-0.421883
	 83	-0.66314
	 84	-1.00388
	 85	-0.974267
	 86	-0.970684
	 87	-0.717198
	 88	-0.430752
	 89	-0.581081
	 90	-1.01195
	 91	-1.10317
	 92	-1.07906
	 93	-0.905092
	 94	-0.820909
	 95	-0.815389
	 96	-1.07301
	 97	-1.14465
	 98	-0.958543
	 99	-0.83353
	 100	-0.782837
	 101	-0.815562
	 102	-0.922367
	 103	-0.965837
	 104	-0.950973
	 105	-0.892071
	 106	-0.944111
	 107	-0.936098
	 108	-0.925215
	 109	-0.783939
	 110	-0.814499
	 111	-0.716587
	 112	-0.692591
	 113	-0.828403
	 114	-0.985781
	 115	-0.910405
	 116	-0.801259
	 117	-0.794584
	 118	-0.932144
	 119	-1.07514
	 120	-1.00076
	 121	-0.815787
	 122	-0.59398
	 123	-0.320261
	 124	-0.323341
	 125	-0.723875
	 126	-1.02948
	 127	-0.945614
	 128	-0.720933
	 129	-0.320765
	 130	-0.461257
	 131	-0.961673
	 132	-0.985231
	 133	-0.915712
	 134	-0.752945
	 135	-0.455649
	 136	-0.331251
	 137	-0.410522
	 138	-0.679107
	 139	-0.760789
	 140	-0.722575
	 141	-0.535797
	 142	-0.451155
	 143	-0.64472
	 144	-0.956522
	 145	-0.799225
	 146	-0.719942
	 147	-0.572532
	 148	-0.485121
	 149	-0.437698
	 150	-0.434533
	 151	-0.610877
	 152	-0.740711
	 153	-0.732056
	 154	-0.544962
	 155	-0.506246
	 156	-0.749942
	 157	-0.881791
	 158	-0.811797
	 159	-0.703378
	 160	-0.576557
	 161	-0.542186
	 162	-0.586711
	 163	-0.587477
	 164	-0.714847
	 165	-0.761679
	 166	-0.756676
	 167	-0.777641
	 168	-0.958181
	 169	-0.977754
	 170	-0.894247
	 171	-0.713
	 172	-0.671473
	 173	-0.660681
	 174	-0.609289
	 175	-0.53491
	 176	-0.499938
	 177	-0.561872
	 178	-0.670826
	 179	-0.640361
	 180	-0.635704
	 181	-0.726067
	 182	-0.746254
	 183	-0.734066
	 184	-0.68517
	 185	-0.639366
	 186	-0.618619
	 187	-0.559558
	 188	-0.555123
	 189	-0.730947
	 190	-0.789025
	 191	-0.858775
	 192	-0.878088
	 193	-1.01415
	 194	-0.989621
	 195	-0.834714
	 196	-0.840838
	 197	-0.864581
	 198	-0.911703
	 199	-0.859763
	 200	-0.750539
	 201	-0.606927
	 202	-0.566969
	 203	-0.686641
	 204	-0.841205
	 205	-0.990359
	 206	-0.970013
	 207	-0.880792
	 208	-0.790103
	 209	-0.725903
	 210	-0.866311
	 211	-0.927577
	 212	-0.882894
	 213	-0.717329
	 214	-0.758639
	 215	-0.835784
	 216	-0.921998
	 217	-0.937172
	 218	-0.951087
	 219	-1.03257
	 220	-0.912909
	 221	-0.960559
	 222	-0.969704
	 223	-0.973834
	 224	-0.861182
	 225	-0.835393
	 226	-0.915832
	 227	-1.00526
	 228	-1.04796
	 229	-0.902964
	 230	-0.870042
	 231	-0.983843
	 232	-1.0253
	 233	-0.956032
	 234	-0.87379
	 235	-0.80999
	 236	-0.759917
	 237	-0.742163
	 238	-0.661433
	 239	-0.624361
	 240	-0.807129
	 241	-0.846399
	 242	-0.827833
	 243	-0.857112
	 244	-1.036
	 245	-1.0512
	 246	-0.883264
	 247	-0.8981
	 248	-0.897775
	 249	-1.00058
	 250	-0.98571
	 251	-0.874497
	 252	-0.860242
	 253	-0.87311
	 254	-1.03191
	 255	-1.10639
	 256	-0.993262
	 257	-0.938246
	 258	-0.960822
	 259	-0.968495
	 260	-1.02757
	 261	-0.958773
	 262	-0.997212
	 263	-0.931068
	 264	-0.881398
	 265	-0.965625
	 266	-0.868389
	 267	-0.957692
	 268	-0.948559
	 269	-1.08324
	 270	-0.965606
	 271	-0.855221
	 272	-0.86736
	 273	-0.888696
	 274	-0.996666
	 275	-0.885659
	 276	-0.833487
	 277	-0.743992
	 278	-0.852566
	 279	-0.972328
	 280	-1.07361
	 281	-1.02372
	 282	-0.913538
	 283	-0.989357
	 284	-1.03398
	 285	-0.971771
	 286	-0.967227
	 287	-1.01364
	 288	-1.0665
	 289	-0.891366
	 290	-0.806773
	 291	-0.805288
	 292	-1.04503
	 293	-1.13421
	 294	-1.00892
	 295	-0.828478
	 296	-0.813495
	 297	-0.810115
	 298	-1.0537
	 299	-1.00968
	 300	-0.950188
	 301	-0.860801
	 302	-0.792768
	 303	-0.820322
	 304	-0.959296
	 305	-0.995624
	 306	-1.03581
	 307	-0.971845
	 308	-1.00039
	 309	-0.93775
	 310	-0.893904
	 311	-0.918695
	 312	-0.999233
	 313	-1.00443
	 314	-0.930008
	 315	-0.817765
	 316	-0.776719
	 317	-1.01338
	 318	-1.10551
	 319	-1.06273
	 320	-0.845571
	 321	-0.866162
	 322	-0.935128
	 323	-1.02845
	 324	-0.932354
	 325	-0.874421
	 326	-0.851787
	 327	-0.777696
	 328	-0.682967
	 329	-0.660808
	 330	-0.86078
	 331	-0.971913
	 332	-0.810595
	 333	-0.821792
	 334	-0.800488
	 335	-0.92888
	 336	-0.847809
	 337	-0.74894
	 338	-0.670781
	 339	-0.735485
	 340	-0.718858
	 341	-0.682292
	 342	-0.784736
	 343	-1.02837
	 344	-1.00142
	 345	-0.912668
	 346	-0.809692
	 347	-0.843612
	 348	-0.910256
	 349	-0.91651
	 350	-0.770607
	 351	-0.718697
	 352	-0.73907
	 353	-0.796889
	 354	-0.812894
	 355	-0.871762
	 356	-0.939514
	 357	-0.868897
	 358	-0.839443
	 359	-0.985017
	 360	-0.998879
	 361	-0.924768
	 362	-0.731607
	 363	-0.541291
	 364	-0.489894
	 365	-0.569664
	 366	-0.521525
	 367	-0.446034
	 368	-0.575026
	 369	-0.815429
	 370	-0.855368
	 371	-0.674477
	 372	-0.5613
	 373	-0.629301
	 374	-0.687377
	 375	-0.663748
	 376	-0.548971
	 377	-0.695563
	 378	-0.758201
	 379	-0.759387
	 380	-0.777928
	 381	-0.763556
	 382	-0.826791
	 383	-0.877244
	 384	-1.03918
	 385	-0.949636
	 386	-0.868589
	 387	-0.676065
	 388	-0.382067
	 389	-0.291155
	 390	-0.616274
	 391	-0.832806
	 392	-0.826407
	 393	-0.702931
	 394	-0.497612
	 395	-0.475976
	 396	-0.733851
	 397	-0.95979
	 398	-0.98106
	 399	-0.79552
	 400	-0.455426
	 401	-0.0996642
	 402	-0.231689
	 403	-0.72752
	 404	-0.775951
	 405	-0.65863
	 406	-0.445862
	 407	-0.258187
	 408	-0.361748
	 409	-0.801975
	 410	-1.11938
	 411	-0.990661
	 412	-0.670923
	 413	-0.177499
	 414	-0.0383787
	 415	-0.542704
	 416	-0.919049
	 417	-0.891863
	 418	-0.776361
	 419	-0.619651
	 420	-0.513282
	 421	-0.721056
	 422	-0.782509
	 423	-0.826991
	 424	-0.768972
	 425	-0.537221
	 426	-0.268594
	 427	-0.340349
	 428	-0.543776
	 429	-0.646901
	 430	-0.598631
	 431	-0.589333
	 432	-0.651889
	 433	-0.678365
	 434	-0.735162
	 435	-0.931392
	 436	-0.989388
	 437	-0.830313
	 438	-0.450717
	 439	-0.316941
	 440	-0.496124
	 441	-0.65321
	 442	-0.694126
	 443	-0.62769
	 444	-0.666936
	 445	-0.774658
	 446	-0.832199
	 447	-0.831082
	 448	-0.86559
	 449	-0.923278
	 450	-0.881903
	 451	-0.740285
	 452	-0.809921
	 453	-0.741792
	 454	-0.775273
	 455	-0.644084
	 456	-0.759151
	 457	-1.01013
	 458	-1.0153
	 459	-0.850623
	 460	-0.714393
	 461	-0.61462
	 462	-0.68099
	 463	-0.709206
	 464	-0.733269
	 465	-0.790878
	 466	-0.651054
	 467	-0.492523
	 468	-0.49561
	 469	-0.802159
	 470	-0.998183
	 471	-0.974331
	 472	-0.927087
	 473	-0.820668
	 474	-0.743318
	 475	-0.734736
	 476	-0.655431
	 477	-0.615623
	 478	-0.513998
	 479	-0.363991
	 480	-0.203301
	 481	-0.352327
	 482	-0.795938
	 483	-0.926093
	 484	-0.765851
	 485	-0.599961
	 486	-0.428893
	 487	-0.52125
	 488	-0.617941
	 489	-0.617681
	 490	-0.539644
	 491	-0.456148
	 492	-0.544326
	 493	-0.570242
	 494	-0.482418
	 495	-0.313669
	 496	-0.223415
	 497	-0.353259
	 498	-0.568549
	 499	-0.524168
	 500	-0.335195
	 501	-0.168349
	 502	-0.214376
	 503	-0.272112
	 504	-0.10995
	 505	0.137683
	 506	0.0186287
	 507	-0.737584
	 508	-0.981358
	 509	-0.899364
	 510	-0.625796
	 511	-0.118194
	 512	0.0820646
	 513	-0.421844
	 514	-0.919631
	 515	-0.77603
	 516	-0.398341
	 517	0.107401
	 518	0.261392
	 519	-0.106699
	 520	-0.58515
	 521	-0.727603
	 522	-0.633185
	 523	-0.450419
	 524	-0.292373
	 525	-0.289995
	 526	-0.393374
	 527	-0.360869
	 528	-0.291306
	 529	-0.171218
	 530	-0.165944
	 531	-0.305603
	 532	-0.332163
	 533	-0.214583
	 534	-0.20326
	 535	-0.322812
	 536	-0.39623
	 537	-0.248037
	 538	-0.107217
	 539	-0.122492
	 540	-0.132285
	 541	-0.0278033
	 542	0.033959
	 543	-0.146357
	 544	-0.36749
	 545	-0.294889
	 546	-0.166455
	 547	-0.287182
	 548	-0.548883
	 549	-0.586613
	 550	-0.452787
	 551	-0.170854
	 552	-0.00269562
	 553	0.111009
	 554	0.0745115
	 555	-0.104882
	 556	-0.228098
	 557	-0.270168
	 558	-0.1451
	 559	-0.0771364
	 560	-0.288875
	 561	-0.557583
	 562	-0.547701
	 563	-0.427251
	 564	-0.16531
	 565	0.0243297
	 566	0.0825269
	 567	-0.279042
	 568	-0.795899
	 569	-0.738544
	 570	-0.438516
	 571	-0.0173104
	 572	-0.027079
	 573	-0.617617
	 574	-0.914089
	 575	-0.850878
	 576	-0.57733
	 577	-0.167669
	 578	-0.00642123
	 579	-0.201578
	 580	-0.642811
	 581	-0.801309
	 582	-0.732775
	 583	-0.40144
	 584	-0.158077
	 585	-0.358336
	 586	-0.767377
	 587	-0.771604
	 588	-0.620171
	 589	-0.362143
	 590	-0.093676
	 591	0.00788018
	 592	-0.138196
	 593	-0.380089
	 594	-0.519782
	 595	-0.451416
	 596	-0.18133
	 597	-0.160449
	 598	-0.459513
	 599	-0.777127
	 600	-0.745162
	 601	-0.624943
	 602	-0.300619
	 603	-0.086714
	 604	-0.116037
	 605	-0.495747
	 606	-0.803604
	 607	-0.753091
	 608	-0.533556
	 609	-0.180481
	 610	-0.297053
	 611	-0.64375
	 612	-0.697041
	 613	-0.577764
	 614	-0.307255
	 615	-0.0852188
	 616	0.071004
	 617	0.0277409
	 618	-0.342652
	 619	-0.545035
	 620	-0.515547
	 621	-0.272251
	 622	-0.18157
	 623	-0.422406
	 624	-0.815527
	 625	-0.847731
	 626	-0.742138
	 627	-0.424664
	 628	-0.15558
	 629	-0.122085
	 630	-0.302627
	 631	-0.571162
	 632	-0.701787
	 633	-0.541786
	 634	-0.348792
	 635	-0.371187
	 636	-0.658655
	 637	-0.840582
	 638	-0.682883
	 639	-0.584533
	 640	-0.441148
	 641	-0.403265
	 642	-0.373292
	 643	-0.433518
	 644	-0.67849
	 645	-0.676289
	 646	-0.588947
	 647	-0.381233
	 648	-0.463089
	 649	-0.738875
	 650	-0.787923
	 651	-0.634458
	 652	-0.416439
	 653	-0.254301
	 654	-0.23238
	 655	-0.243438
	 656	-0.447179
	 657	-0.619585
	 658	-0.638727
	 659	-0.443823
	 660	-0.3955
	 661	-0.561492
	 662	-0.70509
	 663	-0.585627
	 664	-0.467315
	 665	-0.394586
	 666	-0.422298
	 667	-0.368061
	 668	-0.205214
	 669	-0.108879
	 670	-0.252505
	 671	-0.471821
	 672	-0.607616
	 673	-0.645916
	 674	-0.599089
	 675	-0.532302
	 676	-0.434828
	 677	-0.39403
	 678	-0.48639
	 679	-0.398359
	 680	-0.303171
	 681	-0.306969
	 682	-0.502099
	 683	-0.585419
	 684	-0.491074
	 685	-0.491777
	 686	-0.577891
	 687	-0.679658
	 688	-0.585557
	 689	-0.457037
	 690	-0.401889
	 691	-0.437492
	 692	-0.382669
	 693	-0.232079
	 694	-0.0803141
	 695	-0.0953789
	 696	-0.283853
	 697	-0.433745
	 698	-0.51656
	 699	-0.435104
	 700	-0.313105
	 701	-0.158194
	 702	-0.137057
	 703	-0.205282
	 704	-0.195683
	 705	-0.0938662
	 706	0.0608648
	 707	0.197059
	 708	0.0770165
	 709	-0.148823
	 710	-0.390038
	 711	-0.459935
	 712	-0.376892
	 713	-0.290227
	 714	-0.336759
	 715	-0.331451
	 716	-0.226324
	 717	-0.148921
	 718	-0.148823
	 719	-0.226613
	 720	-0.24191
	 721	-0.2464
	 722	-0.287391
	 723	-0.394222
	 724	-0.402833
	 725	-0.376002
	 726	-0.370715
	 727	-0.392286
	 728	-0.313838
	 729	-0.0966732
	 730	-0.080452
	 731	-0.254036
	 732	-0.368787
	 733	-0.355519
	 734	-0.387617
	 735	-0.434004
	 736	-0.441499
	 737	-0.482675
	 738	-0.602401
	 739	-0.709411
	 740	-0.549478
	 741	-0.110043
	 742	0.224164
	 743	0.193942
	 744	-0.128941
	 745	-0.181664
	 746	-0.0402867
	 747	-0.0317255
	 748	-0.168352
	 749	-0.309109
	 750	-0.249706
	 751	-0.186154
	 752	-0.315641
	 753	-0.272716
	 754	-0.147659
	 755	-0.0925284
	 756	-0.0954725
	 757	-0.149809
	 758	-0.0958291
	 759	-0.119329
	 760	-0.230697
	 761	-0.292403
	 762	-0.273172
	 763	-0.205831
	 764	-0.197526
	 765	-0.177146
	 766	-0.132855
	 767	-0.12917
	 768	-0.0746342
	 769	0.0823125
	 770	0.31525
	 771	0.457338
	 772	0.201292
	 773	-0.23506
	 774	-0.229802
	 775	-0.00858982
	 776	0.241717
	 777	0.235093
	 778	0.190957
	 779	0.27211
	 780	0.224858
	 781	0.208114
	 782	0.292546
	 783	0.415483
	 784	0.368174
	 785	-0.128134
	 786	-0.511856
	 787	-0.395114
	 788	-0.179303
	 789	-0.0470472
	 790	-0.141332
	 791	0.0888699
	 792	0.615791
	 793	0.703242
	 794	0.525483
	 795	0.102576
	 796	-0.0896531
	 797	0.0885437
	 798	0.191614
	 799	0.0132866
	 800	-0.280246
	 801	-0.221678
	 802	0.030225
	 803	-0.0940782
	 804	-0.763549
	 805	-0.851169
	 806	-0.72661
	 807	-0.241557
	 808	0.430157
	 809	0.501746
	 810	-0.721135
	 811	-1.08017
	 812	-0.988978
	 813	-0.67755
	 814	-0.0133397
	 815	0.156751
	 816	-0.457918
	 817	-0.931928
	 818	-0.831786
	 819	-0.585634
	 820	-0.179771
	 821	0.147676
	 822	-0.0907061
	 823	-0.802176
	 824	-0.983257
	 825	-0.828413
	 826	-0.470676
	 827	-0.184375
	 828	-0.270317
	 829	-0.465003
	 830	-0.408824
	 831	-0.33133
	 832	-0.228316
	 833	-0.0694162
	 834	0.0119082
	 835	-0.105898
	 836	-0.400008
	 837	-0.47683
	 838	-0.358011
	 839	-0.207993
	 840	-0.276683
	 841	-0.275184
	 842	-0.155071
	 843	-0.0830897
	 844	-0.0735852
	 845	-0.107604
	 846	-0.0768072
	 847	-0.0638587
	 848	-0.217192
	 849	-0.465523
	 850	-0.512768
	 851	-0.359161
	 852	-0.319868
	 853	-0.358192
	 854	-0.321166
	 855	-0.172718
	 856	0.000203698
	 857	-0.0374393
	 858	-0.168241
	 859	-0.155881
	 860	-0.108129
	 861	-0.280869
	 862	-0.469371
	 863	-0.479239
	 864	-0.325051
	 865	-0.294702
	 866	-0.372337
	 867	-0.370313
	 868	-0.290965
	 869	-0.214439
	 870	-0.196014
	 871	-0.0134808
	 872	0.131871
	 873	-0.0660838
	 874	-0.315993
	 875	-0.403481
	 876	-0.237923
	 877	-0.0452689
	 878	-0.0290546
	 879	-0.0734557
	 880	-0.0581093
	 881	-0.0400853
	 882	0.00910145
	 883	0.037874
	 884	0.113432
	 885	0.0178263
	 886	-0.330695
	 887	-0.51747
	 888	-0.50544
	 889	-0.442785
	 890	-0.342695
	 891	-0.3291
	 892	-0.351721
	 893	-0.331569
	 894	-0.279962
	 895	-0.178686
	 896	-0.0493686
	 897	0.0361506
	 898	-0.102371
	 899	-0.391516
	 900	-0.506516
	 901	-0.384612
	 902	-0.194891
	 903	-0.0139201
	 904	0.0310797
	 905	-0.00941905
	 906	0.0464886
	 907	0.202578
	 908	0.275335
	 909	0.181186
	 910	0.0630832
	 911	0.0568876
	 912	0.147062
	 913	0.141475
	 914	-0.101036
	 915	-0.312188
	 916	-0.265866
	 917	-0.0786665
	 918	0.165175
	 919	0.277778
	 920	0.2662
	 921	0.251406
	 922	0.182181
	 923	0.0238201
	 924	-0.0105497
	 925	-0.01456
	 926	-0.16103
	 927	-0.16982
	 928	-0.0913225
	 929	0.0264077
	 930	0.0990631
	 931	0.00869534
	 932	0.0846136
	 933	0.202559
	 934	0.175052
	 935	-0.00436491
	 936	-0.142914
	 937	0.0126115
	 938	0.0615424
	 939	-0.161523
	 940	-0.416855
	 941	-0.462767
	 942	-0.154151
	 943	0.226023
	 944	0.465978
	 945	0.546794
	 946	0.305872
	 947	-0.169716
	 948	-0.27496
	 949	0.047058
	 950	0.459413
	 951	0.465446
	 952	-0.0830019
	 953	-0.505667
	 954	-0.380746
	 955	0.0109913
	 956	0.302195
	 957	0.408565
	 958	0.374699
	 959	0.182165
	 960	-0.0537051
	 961	-0.158203
	 962	0.0700597
	 963	0.227332
	 964	0.0394159
	 965	-0.310745
	 966	-0.34519
	 967	-0.137375
	 968	0.186581
	 969	0.396449
	 970	0.454974
	 971	0.372848
	 972	0.0298375
	 973	-0.288484
	 974	-0.111729
	 975	0.221934
	 976	0.293916
	 977	-0.0742395
	 978	-0.488964
	 979	-0.410584
	 980	-0.153943
	 981	0.0720448
	 982	0.180467
	 983	0.250161
	 984	0.245192
	 985	0.110145
	 986	0.019479
	 987	0.0710576
	 988	0.133264
	 989	0.092748
	 990	-0.0383202
	 991	-0.0497414
	 992	0.10757
	 993	0.265925
	 994	0.405435
	 995	0.466898
	 996	0.484832
	 997	0.400008
	 998	0.284493
	 999	0.26912
	 1000	0.254187
	 1001	0.212533
	 1002	0.143871
	 1003	-0.00937039
	 1004	-0.00766403
	 1005	0.0762751
	 1006	0.179925
	 1007	0.346604
	 1008	0.379627
	 1009	0.320749
	 1010	0.275615
	 1011	0.222832
	 1012	0.17475
	 1013	0.110043
	 1014	0.0297901
	 1015	-0.0290393
	 1016	0.0453095
	 1017	0.143425
	 1018	0.124593
	 1019	0.151057
	 1020	0.216645
	 1021	0.248425
	 1022	0.403044
	 1023	0.484064
	 1024	0.47106
	 1025	0.157601
	 1026	-0.269179
	 1027	-0.247635
	 1028	0.0697817
	 1029	0.377931
	 1030	0.366512
	 1031	0.207218
	 1032	0.149014
	 1033	0.194233
	 1034	0.32413
	 1035	0.473086
	 1036	0.477524
	 1037	0.373871
	 1038	0.090074
	 1039	-0.126582
	 1040	-0.0250643
	 1041	0.0935092
	 1042	0.0975725
	 1043	0.0349958
	 1044	0.0923769
	 1045	0.1661
	 1046	0.144917
	 1047	0.273952
	 1048	0.511067
	 1049	0.554977
	 1050	0.250342
	 1051	-0.287744
	 1052	-0.359657
	 1053	0.0303607
	 1054	0.488124
	 1055	0.581236
	 1056	0.420958
	 1057	0.0977997
	 1058	0.00898835
	 1059	0.247872
	 1060	0.570755
	 1061	0.733889
	 1062	0.614631
	 1063	0.22368
	 1064	-0.270115
	 1065	-0.131736
	 1066	0.242948
	 1067	0.412156
	 1068	0.369071
	 1069	0.247883
	 1070	0.18413
	 1071	0.1688
	 1072	0.321433
	 1073	0.557618
	 1074	0.653144
	 1075	0.453571
	 1076	-0.0348334
	 1077	-0.362253
	 1078	-0.0998899
	 1079	0.346195
	 1080	0.42346
	 1081	0.388968
	 1082	0.173262
	 1083	0.0329917
	 1084	0.205095
	 1085	0.457924
	 1086	0.625673
	 1087	0.585637
	 1088	0.318563
	 1089	-0.10526
	 1090	-0.147923
	 1091	0.147565
	 1092	0.318275
	 1093	0.33488
	 1094	0.329361
	 1095	0.355092
	 1096	0.437468
	 1097	0.493713
	 1098	0.461328
	 1099	0.370705
	 1100	0.387912
	 1101	0.477756
	 1102	0.491382
	 1103	0.415444
	 1104	0.202002
	 1105	0.0158398
	 1106	0.0594839
	 1107	0.362561
	 1108	0.558706
	 1109	0.581122
	 1110	0.450809
	 1111	0.25798
	 1112	0.172493
	 1113	0.212665
	 1114	0.269113
	 1115	0.216468
	 1116	0.121239
	 1117	-0.0458152
	 1118	-0.0466894
	 1119	0.205085
	 1120	0.444604
	 1121	0.617406
	 1122	0.584085
	 1123	0.502308
	 1124	0.244684
	 1125	0.184787
	 1126	0.406259
	 1127	0.534819
	 1128	0.459557
	 1129	0.165736
	 1130	-0.0643484
	 1131	0.0465902
	 1132	0.283906
	 1133	0.386495
	 1134	0.459215
	 1135	0.426681
	 1136	0.359611
	 1137	0.179396
	 1138	0.116958
	 1139	0.17962
	 1140	0.186633
	 1141	0.0636863
	 1142	-0.057585
	 1143	0.126569
	 1144	0.341004
	 1145	0.377866
	 1146	0.289181
	 1147	0.39407
	 1148	0.528032
	 1149	0.526781
	 1150	0.461935
	 1151	0.352809
	 1152	0.347748
	 1153	0.346069
	 1154	0.278429
	 1155	0.21479
	 1156	0.366915
	 1157	0.509218
	 1158	0.519344
	 1159	0.474934
	 1160	0.581601
	 1161	0.61432
	 1162	0.585551
	 1163	0.452494
	 1164	0.310032
	 1165	0.326694
	 1166	0.224017
	 1167	0.185981
	 1168	0.277703
	 1169	0.379994
	 1170	0.370528
	 1171	0.237177
	 1172	0.231665
	 1173	0.42673
	 1174	0.608037
	 1175	0.509043
	 1176	0.285552
	 1177	0.12616
	 1178	0.057558
	 1179	0.00280645
	 1180	0.0569565
	 1181	0.256074
	 1182	0.349682
	 1183	0.27378
	 1184	0.174997
	 1185	0.295885
	 1186	0.426804
	 1187	0.421903
	 1188	0.332009
	 1189	0.178694
	 1190	0.0988163
	 1191	0.0588622
	 1192	-0.039402
	 1193	0.00352837
	 1194	0.156808
	 1195	0.228543
	 1196	0.139972
	 1197	0.110483
	 1198	0.278707
	 1199	0.456542
	 1200	0.46062
	 1201	0.262187
	 1202	0.132078
	 1203	0.146349
	 1204	0.0867817
	 1205	0.0333627
	 1206	0.128447
	 1207	0.236733
	 1208	0.362798
	 1209	0.422466
	 1210	0.515636
	 1211	0.507105
	 1212	0.453279
	 1213	0.410153
	 1214	0.292875
	 1215	0.19338
	 1216	0.0433012
	 1217	-0.0559373
	 1218	0.141372
	 1219	0.357248
	 1220	0.314568
	 1221	-0.0988701
	 1222	-0.478328
	 1223	-0.223155
	 1224	0.327214
	 1225	0.518226
	 1226	0.35511
	 1227	-0.283821
	 1228	-0.611876
	 1229	-0.563123
	 1230	-0.321709
	 1231	-0.0276423
	 1232	0.142439
	 1233	0.0332274
	 1234	-0.202118
	 1235	-0.165158
	 1236	0.161616
	 1237	0.440455
	 1238	0.404944
	 1239	0.243513
	 1240	0.0930467
	 1241	-0.0213072
	 1242	-0.0779549
	 1243	-0.0177795
	 1244	0.171487
	 1245	0.295934
	 1246	0.218971
	 1247	0.0820191
	 1248	0.14383
	 1249	0.361112
	 1250	0.490546
	 1251	0.352666
	 1252	0.105475
	 1253	0.0558692
	 1254	-0.0122289
	 1255	-0.0729368
	 1256	-0.0372623
	 1257	0.19208
	 1258	0.291711
	 1259	0.250012
	 1260	0.25151
	 1261	0.362703
	 1262	0.460328
	 1263	0.379343
	 1264	0.258619
	 1265	0.123766
	 1266	0.0669992
	 1267	0.0182088
	 1268	-0.109461
	 1269	-0.0364658
	 1270	0.134351
	 1271	0.148542
	 1272	0.0534043
	 1273	0.128992
	 1274	0.312226
	 1275	0.418636
	 1276	0.297449
	 1277	0.12547
	 1278	0.203734
	 1279	0.190046
	 1280	0.0579573
	 1281	-0.0513717
	 1282	0.00665211
	 1283	0.197305
	 1284	0.24921
	 1285	0.29108
	 1286	0.36716
	 1287	0.359018
	 1288	0.267802
	 1289	0.109266
	 1290	0.0729154
	 1291	0.0928729
	 1292	-0.024169
	 1293	-0.168871
	 1294	-0.270234
	 1295	-0.179076
	 1296	-0.0136139
	 1297	0.103062
	 1298	0.220751
	 1299	0.245473
	 1300	0.197609
	 1301	0.0724793
	 1302	0.00541032
	 1303	-0.0412338
	 1304	-0.0743367
	 1305	-0.166202
	 1306	-0.244529
	 1307	-0.189996
	 1308	-0.101176
	 1309	0.0189197
	 1310	0.0882315
	 1311	0.198954
	 1312	0.213509
	 1313	0.177405
	 1314	0.132505
	 1315	0.0763918
	 1316	-0.000510857
	 1317	-0.0771259
	 1318	-0.11693
	 1319	-0.21551
	 1320	-0.270819
	 1321	-0.176903
	 1322	0.140564
	 1323	0.387667
	 1324	0.377626
	 1325	0.148089
	 1326	-0.134426
	 1327	-0.0713751
	 1328	0.0948805
	 1329	0.158449
	 1330	0.117331
	 1331	-0.0446237
	 1332	-0.236978
	 1333	-0.318846
	 1334	-0.0552758
	 1335	0.284273
	 1336	0.414421
	 1337	0.298967
	 1338	0.113503
	 1339	0.082079
	 1340	0.113004
	 1341	0.059685
	 1342	-0.0645969
	 1343	-0.11169
	 1344	-0.108266
	 1345	-0.197917
	 1346	-0.231088
	 1347	0.0376966
	 1348	0.3543
	 1349	0.419792
	 1350	0.217045
	 1351	0.0388582
	 1352	0.0853752
	 1353	0.145053
	 1354	0.141072
	 1355	0.0118629
	 1356	-0.0158475
	 1357	-0.0615848
	 1358	-0.254435
	 1359	-0.142938
	 1360	0.232008
	 1361	0.377882
	 1362	0.34093
	 1363	0.132691
	 1364	0.001276
	 1365	0.0950588
	 1366	0.126463
	 1367	0.0408439
	 1368	-0.00377152
	 1369	-0.0365302
	 1370	-0.0808733
	 1371	-0.105063
	 1372	0.00469505
	 1373	0.167848
	 1374	0.23973
	 1375	0.225891
	 1376	0.261605
	 1377	0.345905
	 1378	0.222058
	 1379	-0.168697
	 1380	-0.451526
	 1381	-0.326805
	 1382	-0.0251001
	 1383	0.118992
	 1384	0.0544462
	 1385	-0.0375856
	 1386	0.0244532
	 1387	0.160807
	 1388	0.268099
	 1389	0.378004
	 1390	0.427455
	 1391	0.240895
	 1392	-0.063507
	 1393	-0.136473
	 1394	-0.0395284
	 1395	0.0948693
	 1396	0.10754
	 1397	0.0356279
	 1398	0.0285242
	 1399	-0.0368235
	 1400	-0.0350047
	 1401	0.140605
	 1402	0.310618
	 1403	0.178992
	 1404	-0.282631
	 1405	-0.558999
	 1406	-0.479441
	 1407	-0.196227
	 1408	0.0472652
	 1409	0.065171
	 1410	-0.0814977
	 1411	-0.0993506
	 1412	0.00172067
	 1413	0.166132
	 1414	0.41342
	 1415	0.514465
	 1416	0.311601
	 1417	0.00972779
	 1418	-0.177318
	 1419	-0.0252223
	 1420	0.174957
	 1421	0.248724
	 1422	0.233888
	 1423	0.273767
	 1424	0.397475
	 1425	0.378577
	 1426	0.434988
	 1427	0.482171
	 1428	0.466727
	 1429	0.40229
	 1430	0.185053
	 1431	0.0399583
	 1432	0.177661
	 1433	0.31712
	 1434	0.293172
	 1435	0.216323
	 1436	0.263527
	 1437	0.33754
	 1438	0.311704
	 1439	0.279817
	 1440	0.312966
	 1441	0.232983
	 1442	0.139725
	 1443	0.031792
	 1444	-0.0487396
	 1445	-0.0870126
	 1446	-0.332076
	 1447	-0.344749
	 1448	0.0242015
	 1449	0.499276
	 1450	0.592152
	 1451	0.244267
	 1452	-0.244762
	 1453	-0.214994
	 1454	0.00142407
	 1455	0.219014
	 1456	0.329643
	 1457	0.136103
	 1458	-0.304261
	 1459	-0.462924
	 1460	-0.232526
	 1461	0.331874
	 1462	0.722825
	 1463	0.588644
	 1464	0.263984
	 1465	0.0989474
	 1466	0.192152
	 1467	0.28131
	 1468	0.213804
	 1469	0.137662
	 1470	0.119737
	 1471	0.0171918
	 1472	-0.0388635
	 1473	0.0439627
	 1474	0.313391
	 1475	0.508761
	 1476	0.452922
	 1477	0.170184
	 1478	0.0705405
	 1479	0.239617
	 1480	0.4785
	 1481	0.590613
	 1482	0.490095
	 1483	0.31221
	 1484	0.041778
	 1485	0.13755
	 1486	0.575143
	 1487	0.797362
	 1488	0.786457
	 1489	0.725657
	 1490	0.645533
	 1491	0.657057
	 1492	0.661564
	 1493	0.572654
	 1494	0.473336
	 1495	0.452126
	 1496	0.465042
	 1497	0.468142
	 1498	0.50109
	 1499	0.599963
	 1500	0.736488
	 1501	0.761123
	 1502	0.698081
	 1503	0.618882
	 1504	0.586212
	 1505	0.514188
	 1506	0.486585
	 1507	0.438464
	 1508	0.353702
	 1509	0.283346
	 1510	0.303456
	 1511	0.479594
	 1512	0.783863
	 1513	0.87807
	 1514	0.859132
	 1515	0.625886
	 1516	0.251837
	 1517	0.575717
	 1518	0.932568
	 1519	1.06816
	 1520	0.905283
	 1521	0.640573
	 1522	0.178927
	 1523	0.459415
	 1524	0.739747
	 1525	0.805089
	 1526	0.747563
	 1527	0.732212
	 1528	0.787031
	 1529	0.689226
	 1530	0.295964
	 1531	-0.385979
	 1532	-0.555487
	 1533	-0.313879
	 1534	0.265212
	 1535	0.521082
	 1536	0.302348
	 1537	-0.133349
	 1538	-0.128124
	 1539	0.212353
	 1540	0.437709
	 1541	0.423511
	 1542	0.26585
	 1543	0.258257
	 1544	0.383904
	 1545	0.322821
	 1546	0.0866746
	 1547	0.0135619
	 1548	0.179342
	 1549	0.357286
	 1550	0.429076
	 1551	0.513208
	 1552	0.565714
	 1553	0.504886
	 1554	0.391056
	 1555	0.337966
	 1556	0.496416
	 1557	0.61767
	 1558	0.477221
	 1559	0.268426
	 1560	0.31282
	 1561	0.497596
	 1562	0.65829
	 1563	0.771172
	 1564	0.825764
	 1565	0.857814
	 1566	0.648509
	 1567	0.451708
	 1568	0.581062
	 1569	0.808321
	 1570	0.787926
	 1571	0.560304
	 1572	0.122103
	 1573	0.14253
	 1574	0.640503
	 1575	0.989309
	 1576	0.926388
	 1577	0.936477
	 1578	0.877148
	 1579	0.300329
	 1580	0.436532
	 1581	0.954723
	 1582	0.90641
	 1583	0.878329
	 1584	0.744122
	 1585	0.392457
	 1586	0.583562
	 1587	0.871916
	 1588	0.906742
	 1589	0.965507
	 1590	0.930532
	 1591	0.956604
	 1592	0.856969
	 1593	0.87463
	 1594	0.840178
	 1595	0.784401
	 1596	0.723471
	 1597	0.709299
	 1598	0.731479
	 1599	0.807291
	 1600	0.870645
	 1601	0.82451
	 1602	0.857596
	 1603	0.892561
	 1604	0.895396
	 1605	0.879681
	 1606	0.819806
	 1607	0.7192
	 1608	0.681008
	 1609	0.661793
	 1610	0.690372
	 1611	0.771695
	 1612	0.817796
	 1613	0.882217
	 1614	0.869105
	 1615	0.842929
	 1616	0.913988
	 1617	0.941817
	 1618	0.903847
	 1619	0.788841
	 1620	0.610156
	 1621	0.590184
	 1622	0.649612
	 1623	0.722255
	 1624	0.728259
	 1625	0.734785
	 1626	0.777974
	 1627	0.853194
	 1628	0.821372
	 1629	0.785706
	 1630	0.782559
	 1631	0.735511
	 1632	0.640811
	 1633	0.51588
	 1634	0.543751
	 1635	0.663343
	 1636	0.673535
	 1637	0.647756
	 1638	0.637987
	 1639	0.667904
	 1640	0.68905
	 1641	0.844074
	 1642	0.922285
	 1643	0.879907
	 1644	0.750784
	 1645	0.488912
	 1646	0.411179
	 1647	0.534803
	 1648	0.615309
	 1649	0.558129
	 1650	0.570262
	 1651	0.748892
	 1652	0.831121
	 1653	0.729717
	 1654	0.523935
	 1655	0.477499
	 1656	0.521816
	 1657	0.531574
	 1658	0.488424
	 1659	0.434817
	 1660	0.278265
	 1661	0.0810205
	 1662	0.15169
	 1663	0.551106
	 1664	0.808466
	 1665	0.760077
	 1666	0.592879
	 1667	0.388067
	 1668	0.419464
	 1669	0.53746
	 1670	0.509042
	 1671	0.436459
	 1672	0.395172
	 1673	0.424287
	 1674	0.440132
	 1675	0.463926
	 1676	0.487112
	 1677	0.552064
	 1678	0.544179
	 1679	0.611192
	 1680	0.619735
	 1681	0.606727
	 1682	0.436209
	 1683	0.246125
	 1684	0.293752
	 1685	0.363027
	 1686	0.328846
	 1687	0.315496
	 1688	0.466543
	 1689	0.702657
	 1690	0.759935
	 1691	0.703923
	 1692	0.554011
	 1693	0.494392
	 1694	0.573983
	 1695	0.642995
	 1696	0.606205
	 1697	0.530999
	 1698	0.4919
	 1699	0.490094
	 1700	0.534002
	 1701	0.61521
	 1702	0.648567
	 1703	0.669755
	 1704	0.658906
	 1705	0.623087
	 1706	0.619184
	 1707	0.515702
	 1708	0.356354
	 1709	0.315828
	 1710	0.348716
	 1711	0.446064
	 1712	0.505183
	 1713	0.525555
	 1714	0.471539
	 1715	0.49849
	 1716	0.592726
	 1717	0.686036
	 1718	0.750953
	 1719	0.686051
	 1720	0.493511
	 1721	0.378611
	 1722	0.372631
	 1723	0.405314
	 1724	0.477224
	 1725	0.50924
	 1726	0.52896
	 1727	0.548393
	 1728	0.595934
	 1729	0.691526
	 1730	0.711109
	 1731	0.651187
	 1732	0.574213
	 1733	0.434728
	 1734	0.330707
	 1735	0.356311
	 1736	0.416804
	 1737	0.597354
	 1738	0.599252
	 1739	0.50106
	 1740	0.398891
	 1741	0.591244
	 1742	0.832663
	 1743	0.851893
	 1744	0.761088
	 1745	0.615163
	 1746	0.525476
	 1747	0.487357
	 1748	0.476417
	 1749	0.58805
	 1750	0.711811
	 1751	0.737042
	 1752	0.691964
	 1753	0.69232
	 1754	0.801404
	 1755	0.876517
	 1756	0.819914
	 1757	0.802124
	 1758	0.718109
	 1759	0.667944
	 1760	0.613852
	 1761	0.608688
	 1762	0.735683
	 1763	0.837535
	 1764	0.821338
	 1765	0.783153
	 1766	0.859681
	 1767	0.931614
	 1768	0.926668
	 1769	0.878047
	 1770	0.9009
	 1771	0.795715
	 1772	0.669717
	 1773	0.63017
	 1774	0.729285
	 1775	0.834715
	 1776	0.871801
	 1777	0.848479
	 1778	0.90885
	 1779	0.944161
	 1780	0.952224
	 1781	0.844146
	 1782	0.86231
	 1783	0.922761
	 1784	0.912942
	 1785	0.838965
	 1786	0.782998
	 1787	0.794527
	 1788	0.853413
	 1789	0.910376
	 1790	0.921025
	 1791	0.926215
	 1792	0.947651
	 1793	0.973042
	 1794	0.968343
	 1795	0.989008
	 1796	0.885046
	 1797	0.783833
	 1798	0.749132
	 1799	0.785379
	 1800	0.849566
	 1801	0.962424
	 1802	0.895814
	 1803	0.856746
	 1804	0.846488
	 1805	0.93931
	 1806	0.972805
	 1807	0.956198
	 1808	0.878202
	 1809	0.713616
	 1810	0.638893
	 1811	0.674461
	 1812	0.826414
	 1813	0.90212
	 1814	0.859436
	 1815	0.872451
	 1816	0.885244
	 1817	0.919532
	 1818	0.974292
	 1819	0.990813
	 1820	0.895226
	 1821	0.870034
	 1822	0.77524
	 1823	0.760016
	 1824	0.775444
	 1825	0.788302
	 1826	0.795764
	 1827	0.773334
	 1828	0.807368
	 1829	0.831013
	 1830	0.824233
	 1831	0.837619
	 1832	0.787231
	 1833	0.721693
	 1834	0.623351
	 1835	0.504226
	 1836	0.499672
	 1837	0.429137
	 1838	0.333264
	 1839	0.425262
	 1840	0.686167
	 1841	0.816821
	 1842	0.861277
	 1843	0.679839
	 1844	0.520408
	 1845	0.564492
	 1846	0.618216
	 1847	0.58131
	 1848	0.45939
	 1849	0.452522
	 1850	0.439732
	 1851	0.382669
	 1852	0.470331
	 1853	0.622163
	 1854	0.654174
	 1855	0.608888
	 1856	0.595193
	 1857	0.62328
	 1858	0.608702
	 1859	0.424215
	 1860	0.278862
	 1861	0.33168
	 1862	0.512245
	 1863	0.56178
	 1864	0.520964
	 1865	0.528483
	 1866	0.576326
	 1867	0.541628
	 1868	0.617474
	 1869	0.651975
	 1870	0.729822
	 1871	0.612468
	 1872	0.459303
	 1873	0.347823
	 1874	0.420904
	 1875	0.510626
	 1876	0.4719
	 1877	0.470947
	 1878	0.610979
	 1879	0.655686
	 1880	0.662006
	 1881	0.688414
	 1882	0.780376
	 1883	0.793979
	 1884	0.614111
	 1885	0.319512
	 1886	0.284548
	 1887	0.547527
	 1888	0.673128
	 1889	0.674163
	 1890	0.566483
	 1891	0.524503
	 1892	0.527884
	 1893	0.694573
	 1894	0.829631
	 1895	0.801947
	 1896	0.745268
	 1897	0.545912
	 1898	0.419271
	 1899	0.437607
	 1900	0.588215
	 1901	0.645812
	 1902	0.662099
	 1903	0.670494
	 1904	0.734965
	 1905	0.739552
	 1906	0.783824
	 1907	0.860645
	 1908	0.84206
	 1909	0.784791
	 1910	0.613979
	 1911	0.542146
	 1912	0.592403
	 1913	0.66956
	 1914	0.696972
	 1915	0.702035
	 1916	0.79398
	 1917	0.847335
	 1918	0.949364
	 1919	0.899563
	 1920	0.822727
	 1921	0.745776
	 1922	0.747583
	 1923	0.753829
	 1924	0.654903
	 1925	0.597629
	 1926	0.618796
	 1927	0.668518
	 1928	0.703256
	 1929	0.651735
	 1930	0.671491
	 1931	0.742394
	 1932	0.833557
	 1933	0.85985
	 1934	0.685825
	 1935	0.282635
	 1936	0.0604865
	 1937	0.175488
	 1938	0.48543
	 1939	0.739147
	 1940	0.634823
	 1941	0.312022
	 1942	-0.165756
	 1943	0.160523
	 1944	0.710326
	 1945	0.902246
	 1946	0.795025
	 1947	0.479605
	 1948	0.0483064
	 1949	0.113147
	 1950	0.331445
	 1951	0.541258
	 1952	0.662268
	 1953	0.620694
	 1954	0.539254
	 1955	0.593325
	 1956	0.744466
	 1957	0.834911
	 1958	0.72488
	 1959	0.61838
	 1960	0.573204
	 1961	0.541174
	 1962	0.46567
	 1963	0.386759
	 1964	0.446463
	 1965	0.609839
	 1966	0.59824
	 1967	0.536447
	 1968	0.589278
	 1969	0.721968
	 1970	0.774237
	 1971	0.732395
	 1972	0.559189
	 1973	0.364057
	 1974	0.313886
	 1975	0.317916
	 1976	0.451645
	 1977	0.592167
	 1978	0.689104
	 1979	0.54265
	 1980	0.504695
	 1981	0.626919
	 1982	0.709053
	 1983	0.676062
	 1984	0.585032
	 1985	0.592215
	 1986	0.728334
	 1987	0.711707
	 1988	0.513856
	 1989	0.312852
	 1990	0.415596
	 1991	0.665609
	 1992	0.802448
	 1993	0.85317
	 1994	0.860032
	 1995	0.760176
	 1996	0.646935
	 1997	0.543148
	 1998	0.63626
	 1999	0.623237
	 2000	0.528106
	 2001	0.399414
	 2002	0.379544
	 2003	0.474689
	 2004	0.602447
	 2005	0.716513
	 2006	0.778544
	 2007	0.741632
	 2008	0.607021
	 2009	0.506272
	 2010	0.53733
	 2011	0.662393
	 2012	0.66594
	 2013	0.509819
	 2014	0.238048
	 2015	0.180316
	 2016	0.516252
	 2017	0.791578
	 2018	0.904919
	 2019	0.82993
	 2020	0.694313
	 2021	0.310016
	 2022	0.294965
	 2023	0.703356
	 2024	0.877306
	 2025	0.801455
	 2026	0.430952
	 2027	-0.0292552
	 2028	0.149987
	 2029	0.559588
	 2030	0.782892
	 2031	0.790134
	 2032	0.683075
	 2033	0.5064
	 2034	0.300306
	 2035	0.377623
	 2036	0.628424
	 2037	0.636952
	 2038	0.531447
	 2039	0.278083
	 2040	0.194742
	 2041	0.398654
	 2042	0.690867
	 2043	0.83848
	 2044	0.908071
	 2045	0.833364
	 2046	0.371017
	 2047	0.17176
	 2048	0.625065
	 2049	0.890561
	 2050	0.798159
	 2051	0.507657
	 2052	-0.142941
	 2053	-0.0558721
	 2054	0.401119
	 2055	0.728888
	 2056	0.829082
	 2057	0.758515
	 2058	0.502425
	 2059	0.181899
	 2060	0.224905
	 2061	0.474792
	 2062	0.606209
	 2063	0.415864
	 2064	0.093905
	 2065	0.0958613
	 2066	0.300423
	 2067	0.347732
	 2068	0.347997
	 2069	0.413355
	 2070	0.475368
	 2071	0.461664
	 2072	0.307051
	 2073	0.217376
	 2074	0.224016
	 2075	0.277165
	 2076	0.133465
	 2077	-0.0602599
	 2078	0.0914126
	 2079	0.296711
	 2080	0.443986
	 2081	0.520236
	 2082	0.548209
	 2083	0.464547
	 2084	0.283921
	 2085	0.125013
	 2086	0.237811
	 2087	0.355764
	 2088	0.23736
	 2089	-0.0442618
	 2090	-0.0671933
	 2091	0.138974
	 2092	0.181215
	 2093	-0.0243748
	 2094	-0.0583942
	 2095	0.233462
	 2096	0.416061
	 2097	0.388067
	 2098	0.210556
	 2099	-0.119131
	 2100	-0.295447
	 2101	-0.192883
	 2102	-0.052898
	 2103	0.182572
	 2104	0.274934
	 2105	0.144854
	 2106	0.0386946
	 2107	0.160696
	 2108	0.38727
	 2109	0.440803
	 2110	0.308821
	 2111	0.204728
	 2112	0.111558
	 2113	0.0443126
	 2114	0.0474667
	 2115	0.0733154
	 2116	0.175613
	 2117	0.248729
	 2118	0.324325
	 2119	0.359391
	 2120	0.39836
	 2121	0.439162
	 2122	0.486254
	 2123	0.397948
	 2124	0.169282
	 2125	-0.161332
	 2126	-0.243049
	 2127	0.0654315
	 2128	0.353872
	 2129	0.396485
	 2130	0.160887
	 2131	-0.0670798
	 2132	0.00623505
	 2133	0.243508
	 2134	0.587651
	 2135	0.671633
	 2136	0.51885
	 2137	0.0754308
	 2138	-0.1143
	 2139	0.0788251
	 2140	0.400108
	 2141	0.60874
	 2142	0.486271
	 2143	0.377281
	 2144	0.305097
	 2145	0.351866
	 2146	0.547945
	 2147	0.766858
	 2148	0.804669
	 2149	0.550858
	 2150	0.0103656
	 2151	-0.0993707
	 2152	0.275221
	 2153	0.6537
	 2154	0.692987
	 2155	0.528326
	 2156	0.302314
	 2157	0.296309
	 2158	0.42161
	 2159	0.589347
	 2160	0.711225
	 2161	0.673364
	 2162	0.300144
	 2163	-0.0971391
	 2164	0.0429342
	 2165	0.310454
	 2166	0.392357
	 2167	0.37162
	 2168	0.339413
	 2169	0.339923
	 2170	0.454914
	 2171	0.450094
	 2172	0.463693
	 2173	0.507176
	 2174	0.440203
	 2175	0.381583
	 2176	0.300522
	 2177	0.303082
	 2178	0.316089
	 2179	0.210434
	 2180	0.2547
	 2181	0.469151
	 2182	0.637745
	 2183	0.634943
	 2184	0.428378
	 2185	0.312168
	 2186	0.336191
	 2187	0.352922
	 2188	0.344916
	 2189	0.251675
	 2190	0.217094
	 2191	0.166899
	 2192	0.0639942
	 2193	0.277723
	 2194	0.550005
	 2195	0.618604
	 2196	0.5868
	 2197	0.447205
	 2198	0.366753
	 2199	0.424226
	 2200	0.453032
	 2201	0.38838
	 2202	0.371524
	 2203	0.239171
	 2204	0.118725
	 2205	0.163701
	 2206	0.354404
	 2207	0.513934
	 2208	0.52174
	 2209	0.475403
	 2210	0.466723
	 2211	0.49726
	 2212	0.39955
	 2213	0.215336
	 2214	0.0871454
	 2215	0.145788
	 2216	0.406726
	 2217	0.536735
	 2218	0.500443
	 2219	0.275832
	 2220	0.199632
	 2221	0.335677
	 2222	0.559821
	 2223	0.646678
	 2224	0.57144
	 2225	0.299745
	 2226	0.0349907
	 2227	-0.0105825
	 2228	0.153089
	 2229	0.341869
	 2230	0.474361
	 2231	0.382906
	 2232	0.158899
	 2233	0.229828
	 2234	0.450694
	 2235	0.611863
	 2236	0.563269
	 2237	0.41458
	 2238	0.319791
	 2239	0.278606
	 2240	0.266572
	 2241	0.22448
	 2242	0.238384
	 2243	0.381094
	 2244	0.522346
	 2245	0.598796
	 2246	0.632001
	 2247	0.628302
	 2248	0.563826
	 2249	0.369567
	 2250	0.280931
	 2251	0.217392
	 2252	-0.0353114
	 2253	-0.163349
	 2254	0.0984005
	 2255	0.357431
	 2256	0.195572
	 2257	-0.603196
	 2258	-0.74152
	 2259	-0.297658
	 2260	0.34856
	 2261	0.638875
	 2262	0.22193
	 2263	-0.632477
	 2264	-0.723899
	 2265	-0.644011
	 2266	-0.277193
	 2267	0.181226
	 2268	0.327949
	 2269	-0.00350697
	 2270	-0.393607
	 2271	-0.302535
	 2272	0.166722
	 2273	0.574131
	 2274	0.491241
	 2275	0.106132
	 2276	-0.173801
	 2277	-0.212774
	 2278	-0.154675
	 2279	-0.0870446
	 2280	0.0657561
	 2281	0.26329
	 2282	0.295722
	 2283	0.3353
	 2284	0.462671
	 2285	0.477971
	 2286	0.350868
	 2287	0.229658
	 2288	0.288259
	 2289	0.411248
	 2290	0.367322
	 2291	0.17722
	 2292	0.0756323
	 2293	0.180458
	 2294	0.366736
	 2295	0.441498
	 2296	0.44649
	 2297	0.523308
	 2298	0.531292
	 2299	0.424038
	 2300	0.345193
	 2301	0.386473
	 2302	0.386669
	 2303	0.307262
	 2304	0.228345
	 2305	0.231634
	 2306	0.356337
	 2307	0.42702
	 2308	0.511302
	 2309	0.552543
	 2310	0.588923
	 2311	0.549038
	 2312	0.489272
	 2313	0.419382
	 2314	0.410324
	 2315	0.407131
	 2316	0.285781
	 2317	0.197295
	 2318	0.222426
	 2319	0.335383
	 2320	0.462627
	 2321	0.568861
	 2322	0.578205
	 2323	0.562929
	 2324	0.510731
	 2325	0.513488
	 2326	0.452395
	 2327	0.3214
	 2328	0.234342
	 2329	0.225921
	 2330	0.301019
	 2331	0.327714
	 2332	0.259362
	 2333	0.215373
	 2334	0.233911
	 2335	0.288803
	 2336	0.278591
	 2337	0.270468
	 2338	0.177012
	 2339	0.00205375
	 2340	-0.169109
	 2341	-0.160761
	 2342	-0.0257452
	 2343	-0.0118568
	 2344	0.00182456
	 2345	0.0806827
	 2346	0.198057
	 2347	0.248278
	 2348	0.241818
	 2349	0.259357
	 2350	0.291992
	 2351	0.152412
	 2352	-0.121089
	 2353	-0.200856
	 2354	-0.152208
	 2355	-0.168881
	 2356	-0.22596
	 2357	-0.205639
	 2358	0.00375839
	 2359	0.142116
	 2360	0.0470939
	 2361	-0.062918
	 2362	-0.0295225
	 2363	0.00142773
	 2364	-0.201623
	 2365	-0.449822
	 2366	-0.397673
	 2367	-0.312924
	 2368	-0.305677
	 2369	-0.345544
	 2370	-0.336838
	 2371	-0.116791
	 2372	-0.0877346
	 2373	-0.225972
	 2374	-0.299536
	 2375	-0.298174
	 2376	-0.243668
	 2377	-0.321574
	 2378	-0.340153
	 2379	-0.364361
	 2380	-0.427184
	 2381	-0.495972
	 2382	-0.458745
	 2383	-0.262682
	 2384	-0.149756
	 2385	-0.192203
	 2386	-0.245533
	 2387	-0.152359
	 2388	-0.106231
	 2389	-0.347362
	 2390	-0.587936
	 2391	-0.591848
	 2392	-0.436114
	 2393	-0.370414
	 2394	-0.46011
	 2395	-0.390878
	 2396	-0.173682
	 2397	0.00223342
	 2398	-0.0782075
	 2399	-0.226477
	 2400	-0.291394
	 2401	-0.262711
	 2402	-0.183955
	 2403	-0.207385
	 2404	-0.284601
	 2405	-0.395682
	 2406	-0.50527
	 2407	-0.446355
	 2408	-0.278208
	 2409	-0.0980514
	 2410	-0.0374335
	 2411	-0.12112
	 2412	-0.19723
	 2413	-0.215207
	 2414	-0.235964
	 2415	-0.374755
	 2416	-0.451926
	 2417	-0.425073
	 2418	-0.319581
	 2419	-0.240665
	 2420	-0.229162
	 2421	-0.306365
	 2422	-0.380151
	 2423	-0.279006
	 2424	-0.0283325
	 2425	0.0567199
	 2426	-0.0927307
	 2427	-0.353498
	 2428	-0.543371
	 2429	-0.576977
	 2430	-0.512273
	 2431	-0.325685
	 2432	-0.272291
	 2433	-0.286528
	 2434	-0.310839
	 2435	-0.300272
	 2436	-0.147383
	 2437	-0.0292551
	 2438	-0.0105974
	 2439	-0.223145
	 2440	-0.509282
	 2441	-0.591961
	 2442	-0.577213
	 2443	-0.421968
	 2444	-0.2103
	 2445	-0.178118
	 2446	-0.491165
	 2447	-0.756233
	 2448	-0.599124
	 2449	-0.251552
	 2450	0.0181649
	 2451	-0.0926636
	 2452	-0.50452
	 2453	-0.710791
	 2454	-0.73784
	 2455	-0.549259
	 2456	-0.359792
	 2457	-0.180949
	 2458	-0.170643
	 2459	-0.493134
	 2460	-0.575041
	 2461	-0.393205
	 2462	-0.0518917
	 2463	0.0827559
	 2464	-0.235839
	 2465	-0.529572
	 2466	-0.638592
	 2467	-0.673219
	 2468	-0.581041
	 2469	-0.363209
	 2470	-0.257811
	 2471	-0.387991
	 2472	-0.624264
	 2473	-0.633048
	 2474	-0.327589
	 2475	0.089127
	 2476	0.153426
	 2477	-0.289079
	 2478	-0.712011
	 2479	-0.872286
	 2480	-0.653537
	 2481	-0.277783
	 2482	0.0823811
	 2483	0.0391137
	 2484	-0.400876
	 2485	-0.659926
	 2486	-0.408817
	 2487	-0.00972824
	 2488	0.174713
	 2489	-0.0273459
	 2490	-0.310862
	 2491	-0.397439
	 2492	-0.494449
	 2493	-0.441837
	 2494	-0.318257
	 2495	-0.230983
	 2496	-0.172697
	 2497	-0.390208
	 2498	-0.470218
	 2499	-0.249637
	 2500	0.0124472
	 2501	0.137457
	 2502	-0.135572
	 2503	-0.579935
	 2504	-0.70701
	 2505	-0.618882
	 2506	-0.386494
	 2507	-0.0849925
	 2508	-0.037236
	 2509	-0.284266
	 2510	-0.486782
	 2511	-0.379423
	 2512	-0.0569554
	 2513	0.246469
	 2514	0.259259
	 2515	-0.0806638
	 2516	-0.42777
	 2517	-0.533994
	 2518	-0.421052
	 2519	-0.226366
	 2520	-0.0977175
	 2521	-0.188861
	 2522	-0.325843
	 2523	-0.327107
	 2524	-0.268102
	 2525	-0.138554
	 2526	-0.0700473
	 2527	-0.183237
	 2528	-0.358871
	 2529	-0.503315
	 2530	-0.497684
	 2531	-0.385334
	 2532	-0.246062
	 2533	-0.172492
	 2534	-0.167737
	 2535	-0.176657
	 2536	-0.119389
	 2537	0.0324722
	 2538	0.171148
	 2539	0.284862
	 2540	0.186653
	 2541	-0.0634467
	 2542	-0.241842
	 2543	-0.185647
	 2544	-0.152154
	 2545	-0.318055
	 2546	-0.267907
	 2547	-0.0112948
	 2548	0.220167
	 2549	0.312535
	 2550	0.0346897
	 2551	-0.214341
	 2552	-0.19593
	 2553	-0.0832452
	 2554	-0.0292792
	 2555	-0.0891955
	 2556	-0.144034
	 2557	-0.309272
	 2558	-0.451629
	 2559	-0.254969
	 2560	0.256968
	 2561	0.61305
	 2562	0.52953
	 2563	0.169928
	 2564	-0.113504
	 2565	0.0513772
	 2566	0.281756
	 2567	0.352752
	 2568	0.318839
	 2569	0.115841
	 2570	-0.19948
	 2571	-0.313895
	 2572	0.0789798
	 2573	0.56689
	 2574	0.738794
	 2575	0.50956
	 2576	-0.0304633
	 2577	-0.130777
	 2578	0.118794
	 2579	0.452801
	 2580	0.598365
	 2581	0.450647
	 2582	-0.036885
	 2583	-0.555483
	 2584	-0.322554
	 2585	0.474738
	 2586	0.790995
	 2587	0.764074
	 2588	0.545821
	 2589	0.0357296
	 2590	0.0921953
	 2591	0.423238
	 2592	0.596299
	 2593	0.59951
	 2594	0.398382
	 2595	0.101079
	 2596	-0.0886035
	 2597	0.126718
	 2598	0.629568
	 2599	0.718401
	 2600	0.654146
	 2601	0.321759
	 2602	0.0644647
	 2603	0.185593
	 2604	0.335259
	 2605	0.444957
	 2606	0.306095
	 2607	0.107214
	 2608	-0.0702536
	 2609	-0.0866456
	 2610	0.254402
	 2611	0.523275
	 2612	0.659032
	 2613	0.513862
	 2614	0.305838
	 2615	0.170252
	 2616	0.270595
	 2617	0.491817
	 2618	0.586578
	 2619	0.423472
	 2620	0.0340096
	 2621	-0.127375
	 2622	0.0751407
	 2623	0.444677
	 2624	0.665839
	 2625	0.637321
	 2626	0.480392
	 2627	0.206389
	 2628	0.161986
	 2629	0.262265
	 2630	0.342299
	 2631	0.274232
	 2632	0.0919218
	 2633	-0.0954001
	 2634	-0.0512896
	 2635	0.159632
	 2636	0.337884
	 2637	0.478513
	 2638	0.488356
	 2639	0.387382
	 2640	0.231581
	 2641	0.1954
	 2642	0.279223
	 2643	0.365828
	 2644	0.297515
	 2645	0.0708703
	 2646	0.0604163
	 2647	0.178342
	 2648	0.326142
	 2649	0.445007
	 2650	0.490717
	 2651	0.481423
	 2652	0.352895
	 2653	0.169945
	 2654	0.170322
	 2655	0.275616
	 2656	0.276122
	 2657	0.0480821
	 2658	-0.173983
	 2659	-0.0675426
	 2660	0.154569
	 2661	0.238543
	 2662	0.237382
	 2663	0.337929
	 2664	0.457702
	 2665	0.440614
	 2666	0.340732
	 2667	0.207998
	 2668	0.121108
	 2669	0.0856066
	 2670	0.0363797
	 2671	0.13127
	 2672	0.301425
	 2673	0.298484
	 2674	0.248242
	 2675	0.304494
	 2676	0.42139
	 2677	0.48421
	 2678	0.272611
	 2679	0.162554
	 2680	0.245781
	 2681	0.265255
	 2682	0.148649
	 2683	-0.0297111
	 2684	-0.00364663
	 2685	0.236299
	 2686	0.352027
	 2687	0.433953
	 2688	0.508489
	 2689	0.489386
	 2690	0.431165
	 2691	0.288373
	 2692	0.344839
	 2693	0.4541
	 2694	0.478821
	 2695	0.334632
	 2696	0.157171
	 2697	0.288182
	 2698	0.438174
	 2699	0.518613
	 2700	0.560751
	 2701	0.583052
	 2702	0.610076
	 2703	0.579782
	 2704	0.44062
	 2705	0.36705
	 2706	0.365288
	 2707	0.318344
	 2708	0.123591
	 2709	-0.00436049
	 2710	0.0612817
	 2711	0.222388
	 2712	0.437843
	 2713	0.514754
	 2714	0.432584
	 2715	0.184725
	 2716	0.00745955
	 2717	0.0543627
	 2718	0.241287
	 2719	0.320233
	 2720	0.159643
	 2721	-0.041982
	 2722	-0.103937
	 2723	0.0992876
	 2724	0.315957
	 2725	0.496949
	 2726	0.538103
	 2727	0.411983
	 2728	0.212295
	 2729	0.17375
	 2730	0.230115
	 2731	0.284279
	 2732	0.296184
	 2733	0.0612071
	 2734	-0.253295
	 2735	-0.33843
	 2736	-0.106343
	 2737	0.337544
	 2738	0.544707
	 2739	0.473319
	 2740	-0.012572
	 2741	-0.287305
	 2742	-0.109567
	 2743	0.20627
	 2744	0.374463
	 2745	0.252103
	 2746	-0.126503
	 2747	-0.383953
	 2748	-0.302762
	 2749	0.155716
	 2750	0.638436
	 2751	0.702461
	 2752	0.490851
	 2753	0.120493
	 2754	0.074736
	 2755	0.258683
	 2756	0.330414
	 2757	0.311844
	 2758	0.18724
	 2759	-0.0635257
	 2760	-0.315437
	 2761	-0.263915
	 2762	0.203812
	 2763	0.507013
	 2764	0.456712
	 2765	0.0153418
	 2766	-0.26519
	 2767	-0.165327
	 2768	0.0278343
	 2769	0.129872
	 2770	0.0454716
	 2771	-0.0884736
	 2772	-0.17417
	 2773	-0.268217
	 2774	-0.0338134
	 2775	0.404915
	 2776	0.564743
	 2777	0.483319
	 2778	0.299616
	 2779	0.215806
	 2780	0.301819
	 2781	0.355025
	 2782	0.288059
	 2783	0.230136
	 2784	0.148728
	 2785	-0.0297979
	 2786	-0.114955
	 2787	0.204234
	 2788	0.565857
	 2789	0.608194
	 2790	0.391909
	 2791	0.126285
	 2792	0.192284
	 2793	0.278353
	 2794	0.202279
	 2795	0.108655
	 2796	0.0632414
	 2797	0.0817576
	 2798	-0.0113651
	 2799	0.0213726
	 2800	0.28388
	 2801	0.450324
	 2802	0.422401
	 2803	0.297576
	 2804	0.172221
	 2805	0.195909
	 2806	0.234151
	 2807	0.18415
	 2808	0.108272
	 2809	0.0853357
	 2810	0.130225
	 2811	0.0974439
	 2812	0.185591
	 2813	0.423232
	 2814	0.469686
	 2815	0.46036
	 2816	0.434993
	 2817	0.384971
	 2818	0.388561
	 2819	0.290254
	 2820	0.210928
	 2821	0.162363
	 2822	-0.0166423
	 2823	-0.0474942
	 2824	-0.00544091
	 2825	0.158261
	 2826	0.295613
	 2827	0.245107
	 2828	0.260791
	 2829	0.300238
	 2830	0.22235
	 2831	0.0715151
	 2832	-0.0330946
	 2833	-0.110447
	 2834	-0.0658258
	 2835	0.0602142
	 2836	0.170716
	 2837	0.26191
	 2838	0.318734
	 2839	0.371355
	 2840	0.457464
	 2841	0.484882
	 2842	0.340838
	 2843	0.267626
	 2844	0.298618
	 2845	0.34856
	 2846	0.238003
	 2847	0.0748843
	 2848	0.0917592
	 2849	0.255091
	 2850	0.304288
	 2851	0.245596
	 2852	0.28824
	 2853	0.424063
	 2854	0.533983
	 2855	0.462188
	 2856	0.30447
	 2857	0.153921
	 2858	0.0403613
	 2859	0.0220644
	 2860	0.0923518
	 2861	0.248548
	 2862	0.35574
	 2863	0.263025
	 2864	0.173238
	 2865	0.28176
	 2866	0.482363
	 2867	0.568003
	 2868	0.412112
	 2869	0.146798
	 2870	0.0814979
	 2871	-0.0294464
	 2872	-0.0600521
	 2873	0.108302
	 2874	0.332357
	 2875	0.31375
	 2876	0.139144
	 2877	0.0972534
	 2878	0.291618
	 2879	0.465644
	 2880	0.374892
	 2881	0.191735
	 2882	0.0294747
	 2883	-0.031223
	 2884	-0.170629
	 2885	-0.230006
	 2886	-0.030207
	 2887	0.14387
	 2888	0.0602893
	 2889	-0.0813624
	 2890	-0.0582944
	 2891	0.146098
	 2892	0.254369
	 2893	0.0490739
	 2894	-0.23551
	 2895	-0.268139
	 2896	-0.330578
	 2897	-0.45471
	 2898	-0.439275
	 2899	-0.295406
	 2900	-0.196184
	 2901	-0.180181
	 2902	-0.18785
	 2903	-0.0452408
	 2904	0.0796284
	 2905	0.0389268
	 2906	-0.160427
	 2907	-0.12245
	 2908	-0.00424317
	 2909	-0.0616188
	 2910	-0.226257
	 2911	-0.348277
	 2912	-0.233512
	 2913	-0.0115483
	 2914	0.215424
	 2915	0.3115
	 2916	0.260607
	 2917	0.13508
	 2918	-0.0398717
	 2919	-0.111673
	 2920	-0.117748
	 2921	-0.178376
	 2922	-0.308193
	 2923	-0.215126
	 2924	-0.025377
	 2925	0.0465594
	 2926	-0.0765406
	 2927	-0.149206
	 2928	-0.061675
	 2929	0.148189
	 2930	0.351817
	 2931	0.353414
	 2932	0.00685916
	 2933	-0.375194
	 2934	-0.434986
	 2935	-0.332766
	 2936	-0.0667071
	 2937	0.0545309
	 2938	-0.0279584
	 2939	-0.0489376
	 2940	0.00335639
	 2941	0.118099
	 2942	0.244579
	 2943	0.295043
	 2944	0.305001
	 2945	0.0480298
	 2946	-0.274092
	 2947	-0.256912
	 2948	-0.10043
	 2949	0.0430202
	 2950	0.0214591
	 2951	-0.0609192
	 2952	-0.11409
	 2953	-0.157316
	 2954	-0.0275952
	 2955	0.201993
	 2956	0.332017
	 2957	0.126141
	 2958	-0.278254
	 2959	-0.399515
	 2960	-0.214202
	 2961	-0.00687631
	 2962	0.0658253
	 2963	0.0532357
	 2964	0.249713
	 2965	0.587352
	 2966	0.573016
	 2967	0.444153
	 2968	0.191931
	 2969	0.166139
	 2970	0.324226
	 2971	0.315624
	 2972	0.191496
	 2973	0.0408318
	 2974	-0.234745
	 2975	-0.352333
	 2976	-0.325485
	 2977	-0.169994
	 2978	-0.175394
	 2979	-0.228772
	 2980	-0.10078
	 2981	0.155748
	 2982	0.0282796
	 2983	-0.657266
	 2984	-0.856618
	 2985	-0.67832
	 2986	-0.39637
	 2987	0.0200191
	 2988	-0.00286356
	 2989	-0.464359
	 2990	-0.769975
	 2991	-0.672881
	 2992	-0.288185
	 2993	0.188908
	 2994	0.370909
	 2995	0.0400535
	 2996	-0.69931
	 2997	-0.738211
	 2998	-0.460154
	 2999	-0.0911361
	 3000	0.0698673
	 3001	-0.085506
	 3002	-0.275317
	 3003	-0.279406
	 3004	-0.187244
	 3005	-0.0218577
	 3006	0.125575
	 3007	0.0875313
	 3008	-0.184803
	 3009	-0.466784
	 3010	-0.462895
	 3011	-0.333247
	 3012	-0.340134
	 3013	-0.337874
	 3014	-0.268717
	 3015	-0.0651756
	 3016	0.116066
	 3017	0.109443
	 3018	0.0222908
	 3019	-0.0141319
	 3020	0.0235929
	 3021	-0.0205335
	 3022	-0.0982779
	 3023	-0.163906
	 3024	-0.203718
	 3025	-0.16483
	 3026	-0.143095
	 3027	-0.052663
	 3028	0.0402253
	 3029	0.0914703
	 3030	0.123483
	 3031	0.044308
	 3032	-0.0599777
	 3033	-0.134599
	 3034	-0.202424
	 3035	-0.197357
	 3036	-0.293314
	 3037	-0.478861
	 3038	-0.407412
	 3039	-0.205626
	 3040	-0.00682491
	 3041	0.129702
	 3042	0.163585
	 3043	0.0567593
	 3044	-0.212582
	 3045	-0.301068
	 3046	-0.151806
	 3047	-0.0451635
	 3048	-0.148896
	 3049	-0.405229
	 3050	-0.426871
	 3051	-0.317426
	 3052	-0.136412
	 3053	-0.00757197
	 3054	0.0112126
	 3055	0.0709647
	 3056	0.00219113
	 3057	-0.237603
	 3058	-0.296258
	 3059	-0.17008
	 3060	-0.0985598
	 3061	-0.272112
	 3062	-0.556409
	 3063	-0.534094
	 3064	-0.388033
	 3065	-0.206881
	 3066	-0.0894796
	 3067	-0.0438376
	 3068	-0.12279
	 3069	-0.339721
	 3070	-0.481937
	 3071	-0.382706
	 3072	-0.23926
	 3073	-0.268029
	 3074	-0.475308
	 3075	-0.53092
	 3076	-0.426722
	 3077	-0.237558
	 3078	-0.230071
	 3079	-0.213882
	 3080	-0.0763805
	 3081	-0.084301
	 3082	-0.235915
	 3083	-0.423273
	 3084	-0.367324
	 3085	-0.246302
	 3086	-0.429871
	 3087	-0.59838
	 3088	-0.598888
	 3089	-0.471224
	 3090	-0.319039
	 3091	-0.28562
	 3092	-0.237645
	 3093	-0.162408
	 3094	-0.22171
	 3095	-0.35544
	 3096	-0.399602
	 3097	-0.343797
	 3098	-0.286242
	 3099	-0.493569
	 3100	-0.601923
	 3101	-0.587049
	 3102	-0.453849
	 3103	-0.289658
	 3104	-0.290368
	 3105	-0.208863
	 3106	-0.229817
	 3107	-0.403455
	 3108	-0.438277
	 3109	-0.433816
	 3110	-0.339472
	 3111	-0.377845
	 3112	-0.539855
	 3113	-0.530402
	 3114	-0.508577
	 3115	-0.376163
	 3116	-0.242209
	 3117	-0.167719
	 3118	-0.150964
	 3119	-0.277446
	 3120	-0.408261
	 3121	-0.436235
	 3122	-0.354111
	 3123	-0.282143
	 3124	-0.374956
	 3125	-0.607313
	 3126	-0.660322
	 3127	-0.570032
	 3128	-0.32825
	 3129	-0.112383
	 3130	-0.0440974
	 3131	-0.211312
	 3132	-0.41278
	 3133	-0.429738
	 3134	-0.3915
	 3135	-0.363004
	 3136	-0.403827
	 3137	-0.493912
	 3138	-0.56977
	 3139	-0.576427
	 3140	-0.505742
	 3141	-0.354039
	 3142	-0.213283
	 3143	-0.237132
	 3144	-0.397819
	 3145	-0.430283
	 3146	-0.454433
	 3147	-0.455707
	 3148	-0.508633
	 3149	-0.596916
	 3150	-0.612677
	 3151	-0.644448
	 3152	-0.648634
	 3153	-0.500881
	 3154	-0.346667
	 3155	-0.313163
	 3156	-0.363459
	 3157	-0.444556
	 3158	-0.420209
	 3159	-0.470267
	 3160	-0.600817
	 3161	-0.713918
	 3162	-0.704339
	 3163	-0.606559
	 3164	-0.68518
	 3165	-0.633476
	 3166	-0.528078
	 3167	-0.389389
	 3168	-0.346427
	 3169	-0.443252
	 3170	-0.430041
	 3171	-0.358253
	 3172	-0.482501
	 3173	-0.60539
	 3174	-0.655098
	 3175	-0.555748
	 3176	-0.544481
	 3177	-0.595603
	 3178	-0.514685
	 3179	-0.354761
	 3180	-0.22695
	 3181	-0.283058
	 3182	-0.431422
	 3183	-0.417101
	 3184	-0.363897
	 3185	-0.47874
	 3186	-0.591152
	 3187	-0.597109
	 3188	-0.519052
	 3189	-0.486762
	 3190	-0.53032
	 3191	-0.447616
	 3192	-0.318556
	 3193	-0.294167
	 3194	-0.331037
	 3195	-0.356298
	 3196	-0.283118
	 3197	-0.322224
	 3198	-0.59601
	 3199	-0.690874
	 3200	-0.647476
	 3201	-0.495437
	 3202	-0.475417
	 3203	-0.520899
	 3204	-0.50838
	 3205	-0.439939
	 3206	-0.451229
	 3207	-0.328753
	 3208	-0.130708
	 3209	-0.0876401
	 3210	-0.442324
	 3211	-0.770808
	 3212	-0.754138
	 3213	-0.530282
	 3214	-0.275463
	 3215	-0.215749
	 3216	-0.339979
	 3217	-0.405277
	 3218	-0.484034
	 3219	-0.286323
	 3220	-0.0379634
	 3221	0.114568
	 3222	0.00688085
	 3223	-0.486713
	 3224	-0.738112
	 3225	-0.659833
	 3226	-0.379822
	 3227	-0.084602
	 3228	-0.0666873
	 3229	-0.447527
	 3230	-0.687705
	 3231	-0.63288
	 3232	-0.291019
	 3233	0.0517846
	 3234	0.0572827
	 3235	-0.347018
	 3236	-0.741508
	 3237	-0.741872
	 3238	-0.655179
	 3239	-0.435852
	 3240	-0.253401
	 3241	-0.33442
	 3242	-0.631011
	 3243	-0.768714
	 3244	-0.592377
	 3245	-0.20361
	 3246	0.0377212
	 3247	-0.127896
	 3248	-0.622303
	 3249	-0.789856
	 3250	-0.761032
	 3251	-0.632339
	 3252	-0.399521
	 3253	-0.261903
	 3254	-0.399551
	 3255	-0.70213
	 3256	-0.677144
	 3257	-0.423223
	 3258	-0.156123
	 3259	-0.196942
	 3260	-0.431501
	 3261	-0.641661
	 3262	-0.672161
	 3263	-0.759263
	 3264	-0.688026
	 3265	-0.527206
	 3266	-0.435477
	 3267	-0.658191
	 3268	-0.830126
	 3269	-0.675343
	 3270	-0.469784
	 3271	-0.302613
	 3272	-0.501582
	 3273	-0.733649
	 3274	-0.823369
	 3275	-0.840931
	 3276	-0.901428
	 3277	-0.844088
	 3278	-0.685331
	 3279	-0.633352
	 3280	-0.609002
	 3281	-0.576972
	 3282	-0.483586
	 3283	-0.452994
	 3284	-0.543408
	 3285	-0.664761
	 3286	-0.614057
	 3287	-0.570169
	 3288	-0.597149
	 3289	-0.776362
	 3290	-0.768937
	 3291	-0.623677
	 3292	-0.551798
	 3293	-0.558843
	 3294	-0.52726
	 3295	-0.412934
	 3296	-0.435509
	 3297	-0.547431
	 3298	-0.58563
	 3299	-0.558127
	 3300	-0.676502
	 3301	-0.748689
	 3302	-0.788216
	 3303	-0.637264
	 3304	-0.565339
	 3305	-0.572948
	 3306	-0.555017
	 3307	-0.463233
	 3308	-0.370256
	 3309	-0.342713
	 3310	-0.468814
	 3311	-0.50051
	 3312	-0.504757
	 3313	-0.571861
	 3314	-0.615449
	 3315	-0.664417
	 3316	-0.529355
	 3317	-0.400789
	 3318	-0.342696
	 3319	-0.332432
	 3320	-0.267289
	 3321	-0.124109
	 3322	-0.10037
	 3323	-0.193578
	 3324	-0.437818
	 3325	-0.600179
	 3326	-0.607658
	 3327	-0.442127
	 3328	-0.254054
	 3329	-0.178302
	 3330	-0.411219
	 3331	-0.615296
	 3332	-0.579468
	 3333	-0.289981
	 3334	-0.0106095
	 3335	-0.0490983
	 3336	-0.271782
	 3337	-0.684256
	 3338	-0.711677
	 3339	-0.597515
	 3340	-0.378747
	 3341	-0.291421
	 3342	-0.366754
	 3343	-0.47023
	 3344	-0.475202
	 3345	-0.347085
	 3346	-0.228634
	 3347	-0.134416
	 3348	-0.173041
	 3349	-0.34011
	 3350	-0.518239
	 3351	-0.487706
	 3352	-0.400295
	 3353	-0.340342
	 3354	-0.335991
	 3355	-0.327409
	 3356	-0.26943
	 3357	-0.214597
	 3358	-0.206278
	 3359	-0.162191
	 3360	-0.0953809
	 3361	-0.142293
	 3362	-0.458117
	 3363	-0.671232
	 3364	-0.587848
	 3365	-0.435785
	 3366	-0.300093
	 3367	-0.382191
	 3368	-0.446917
	 3369	-0.464822
	 3370	-0.445054
	 3371	-0.301467
	 3372	-0.0536415
	 3373	0.0486554
	 3374	-0.237518
	 3375	-0.714969
	 3376	-0.783802
	 3377	-0.581098
	 3378	-0.231647
	 3379	-0.156318
	 3380	-0.39897
	 3381	-0.560103
	 3382	-0.51306
	 3383	-0.417117
	 3384	-0.262707
	 3385	-0.0518451
	 3386	-0.0165534
	 3387	-0.353779
	 3388	-0.597382
	 3389	-0.579929
	 3390	-0.343893
	 3391	-0.168849
	 3392	-0.206953
	 3393	-0.262844
	 3394	-0.215267
	 3395	-0.114833
	 3396	-0.0383788
	 3397	0.0748112
	 3398	0.199728
	 3399	0.151283
	 3400	-0.173458
	 3401	-0.371629
	 3402	-0.294919
	 3403	-0.181643
	 3404	-0.184271
	 3405	-0.215218
	 3406	-0.0632994
	 3407	0.157211
	 3408	0.225852
	 3409	0.084098
	 3410	-0.0620318
	 3411	-0.0669158
	 3412	-0.0395012
	 3413	-0.101525
	 3414	-0.154032
	 3415	-0.235654
	 3416	-0.385804
	 3417	-0.412456
	 3418	-0.246206
	 3419	0.0315739
	 3420	0.217246
	 3421	0.18644
	 3422	-0.0305088
	 3423	-0.245445
	 3424	-0.195919
	 3425	-0.162947
	 3426	-0.23209
	 3427	-0.31422
	 3428	-0.316208
	 3429	-0.339721
	 3430	-0.311067
	 3431	-0.217934
	 3432	-0.162997
	 3433	-0.0846673
	 3434	-0.0604541
	 3435	-0.0466918
	 3436	-0.106163
	 3437	-0.24559
	 3438	-0.310534
	 3439	-0.333479
	 3440	-0.402337
	 3441	-0.473616
	 3442	-0.52941
	 3443	-0.416136
	 3444	-0.27316
	 3445	-0.155025
	 3446	-0.0999947
	 3447	-0.17916
	 3448	-0.391347
	 3449	-0.417783
	 3450	-0.354461
	 3451	-0.253972
	 3452	-0.2771
	 3453	-0.442956
	 3454	-0.53084
	 3455	-0.420969
	 3456	-0.260133
	 3457	-0.148281
	 3458	-0.120003
	 3459	-0.0575172
	 3460	-0.0684604
	 3461	-0.237319
	 3462	-0.321481
	 3463	-0.311329
	 3464	-0.250372
	 3465	-0.390438
	 3466	-0.526859
	 3467	-0.495263
	 3468	-0.368151
	 3469	-0.278782
	 3470	-0.279384
	 3471	-0.157905
	 3472	-0.0912474
	 3473	-0.194861
	 3474	-0.351323
	 3475	-0.383398
	 3476	-0.19263
	 3477	-0.188956
	 3478	-0.419026
	 3479	-0.540465
	 3480	-0.479409
	 3481	-0.330739
	 3482	-0.175103
	 3483	-0.116003
	 3484	-0.0288042
	 3485	-0.0717933
	 3486	-0.27007
	 3487	-0.367967
	 3488	-0.350867
	 3489	-0.271819
	 3490	-0.363566
	 3491	-0.506806
	 3492	-0.434893
	 3493	-0.313811
	 3494	-0.248959
	 3495	-0.301547
	 3496	-0.29357
	 3497	-0.135326
	 3498	-0.0563783
	 3499	-0.192356
	 3500	-0.320482
	 3501	-0.336038
	 3502	-0.342184
	 3503	-0.422635
	 3504	-0.525841
	 3505	-0.475977
	 3506	-0.323392
	 3507	-0.252633
	 3508	-0.253357
	 3509	-0.169896
	 3510	-0.11034
	 3511	-0.224938
	 3512	-0.343719
	 3513	-0.397365
	 3514	-0.366851
	 3515	-0.390821
	 3516	-0.485498
	 3517	-0.539031
	 3518	-0.541046
	 3519	-0.423275
	 3520	-0.347063
	 3521	-0.277809
	 3522	-0.223352
	 3523	-0.261608
	 3524	-0.389933
	 3525	-0.454836
	 3526	-0.415918
	 3527	-0.461945
	 3528	-0.500427
	 3529	-0.532576
	 3530	-0.537104
	 3531	-0.460886
	 3532	-0.387143
	 3533	-0.364384
	 3534	-0.304789
	 3535	-0.269584
	 3536	-0.235228
	 3537	-0.25695
	 3538	-0.319
	 3539	-0.4758
	 3540	-0.529162
	 3541	-0.510886
	 3542	-0.420855
	 3543	-0.377469
	 3544	-0.312112
	 3545	-0.246772
	 3546	-0.15711
	 3547	-0.0815341
	 3548	-0.0709037
	 3549	-0.0398325
	 3550	-0.0171361
	 3551	-0.112088
	 3552	-0.313718
	 3553	-0.376016
	 3554	-0.289708
	 3555	-0.215299
	 3556	-0.22095
	 3557	-0.213983
	 3558	-0.120707
	 3559	-0.0136579
	 3560	-0.0183502
	 3561	0.0721188
	 3562	0.233162
	 3563	0.186735
	 3564	-0.0936832
	 3565	-0.409296
	 3566	-0.378173
	 3567	-0.125459
	 3568	0.061572
	 3569	0.0524016
	 3570	-0.0173382
	 3571	0.0852619
	 3572	0.212971
	 3573	0.241172
	 3574	0.177705
	 3575	0.213574
	 3576	0.229906
	 3577	0.0503774
	 3578	-0.123238
	 3579	-0.0672064
	 3580	0.0415662
	 3581	0.0951231
	 3582	0.0175792
	 3583	0.108796
	 3584	0.241612
	 3585	0.239891
	 3586	0.335722
	 3587	0.4597
	 3588	0.484163
	 3589	0.258414
	 3590	-0.259848
	 3591	-0.35125
	 3592	-0.0220554
	 3593	0.28881
	 3594	0.346484
	 3595	0.179858
	 3596	0.074602
	 3597	0.119452
	 3598	0.206044
	 3599	0.281948
	 3600	0.379216
	 3601	0.314725
	 3602	0.0240242
	 3603	-0.140295
	 3604	-0.116905
	 3605	-0.0648055
	 3606	-0.116003
	 3607	-0.123361
	 3608	0.077006
	 3609	0.413557
	 3610	0.491025
	 3611	0.355346
	 3612	0.0909437
	 3613	0.0869889
	 3614	0.199216
	 3615	0.224255
	 3616	0.221854
	 3617	0.11722
	 3618	-0.0520201
	 3619	-0.218167
	 3620	-0.0787
	 3621	0.201933
	 3622	0.419648
	 3623	0.388363
	 3624	0.0835598
	 3625	-0.152
	 3626	-0.12438
	 3627	-0.0150979
	 3628	0.103556
	 3629	0.118377
	 3630	-0.209706
	 3631	-0.613381
	 3632	-0.561392
	 3633	-0.127782
	 3634	0.48664
	 3635	0.701775
	 3636	0.53367
	 3637	-0.0263017
	 3638	-0.199537
	 3639	0.0509999
	 3640	0.341513
	 3641	0.464205
	 3642	0.387525
	 3643	0.0705963
	 3644	-0.113821
	 3645	0.00555248
	 3646	0.327996
	 3647	0.601298
	 3648	0.650607
	 3649	0.478122
	 3650	0.221247
	 3651	0.200354
	 3652	0.333526
	 3653	0.411209
	 3654	0.424353
	 3655	0.311964
	 3656	0.0782979
	 3657	-0.127184
	 3658	0.0984507
	 3659	0.498625
	 3660	0.719258
	 3661	0.659724
	 3662	0.40097
	 3663	0.246143
	 3664	0.378943
	 3665	0.444903
	 3666	0.454147
	 3667	0.351613
	 3668	0.292895
	 3669	0.265569
	 3670	0.141001
	 3671	0.325266
	 3672	0.566057
	 3673	0.667449
	 3674	0.569492
	 3675	0.450578
	 3676	0.453342
	 3677	0.55401
	 3678	0.477055
	 3679	0.404348
	 3680	0.38854
	 3681	0.396972
	 3682	0.243687
	 3683	0.161441
	 3684	0.497322
	 3685	0.721269
	 3686	0.74507
	 3687	0.550298
	 3688	0.190244
	 3689	0.2069
	 3690	0.480667
	 3691	0.64614
	 3692	0.633694
	 3693	0.399805
	 3694	0.038632
	 3695	-0.124893
	 3696	0.143014
	 3697	0.527809
	 3698	0.644237
	 3699	0.557045
	 3700	0.333886
	 3701	0.364999
	 3702	0.449391
	 3703	0.252727
	 3704	-0.0760053
	 3705	-0.10454
	 3706	0.191122
	 3707	0.438356
	 3708	0.434777
	 3709	0.239812
	 3710	0.0889772
	 3711	0.189044
	 3712	0.332587
	 3713	0.51466
	 3714	0.605391
	 3715	0.410508
	 3716	-0.0146252
	 3717	-0.195752
	 3718	-0.0510246
	 3719	0.13718
	 3720	0.208755
	 3721	0.19069
	 3722	0.238414
	 3723	0.34239
	 3724	0.43045
	 3725	0.410892
	 3726	0.401382
	 3727	0.429559
	 3728	0.405484
	 3729	0.329039
	 3730	0.301259
	 3731	0.337155
	 3732	0.373487
	 3733	0.429365
	 3734	0.51234
	 3735	0.590976
	 3736	0.657597
	 3737	0.671982
	 3738	0.663183
	 3739	0.616264
	 3740	0.575826
	 3741	0.613675
	 3742	0.717975
	 3743	0.638952
	 3744	0.445991
	 3745	0.257148
	 3746	0.383269
	 3747	0.652603
	 3748	0.817455
	 3749	0.885803
	 3750	0.826892
	 3751	0.663537
	 3752	0.453597
	 3753	0.566961
	 3754	0.735126
	 3755	0.758597
	 3756	0.588592
	 3757	0.338013
	 3758	0.312685
	 3759	0.553704
	 3760	0.749655
	 3761	0.85883
	 3762	0.845093
	 3763	0.831403
	 3764	0.675203
	 3765	0.610894
	 3766	0.643045
	 3767	0.725558
	 3768	0.751824
	 3769	0.551465
	 3770	0.396098
	 3771	0.502859
	 3772	0.663982
	 3773	0.727674
	 3774	0.779975
	 3775	0.784983
	 3776	0.831769
	 3777	0.645234
	 3778	0.576613
	 3779	0.702764
	 3780	0.729036
	 3781	0.625534
	 3782	0.404122
	 3783	0.45169
	 3784	0.593313
	 3785	0.752315
	 3786	0.824208
	 3787	0.866997
	 3788	0.878544
	 3789	0.79438
	 3790	0.739099
	 3791	0.640288
	 3792	0.594406
	 3793	0.541479
	 3794	0.468895
	 3795	0.54888
	 3796	0.634499
	 3797	0.653893
	 3798	0.594287
	 3799	0.574522
	 3800	0.673616
	 3801	0.801724
	 3802	0.701848
	 3803	0.598579
	 3804	0.655127
	 3805	0.73055
	 3806	0.67556
	 3807	0.495721
	 3808	0.335025
	 3809	0.373965
	 3810	0.649594
	 3811	0.833336
	 3812	0.924811
	 3813	0.881477
	 3814	0.737613
	 3815	0.546608
	 3816	0.494207
	 3817	0.656207
	 3818	0.694891
	 3819	0.51279
	 3820	0.312647
	 3821	0.331344
	 3822	0.515351
	 3823	0.622353
	 3824	0.69741
	 3825	0.711333
	 3826	0.68019
	 3827	0.590627
	 3828	0.518362
	 3829	0.507887
	 3830	0.623032
	 3831	0.602148
	 3832	0.475316
	 3833	0.342372
	 3834	0.371966
	 3835	0.544433
	 3836	0.720054
	 3837	0.762859
	 3838	0.823531
	 3839	0.740776
	 3840	0.548491
	 3841	0.439496
	 3842	0.670196
	 3843	0.747248
	 3844	0.64981
	 3845	0.332944
	 3846	0.129825
	 3847	0.28242
	 3848	0.510208
	 3849	0.66877
	 3850	0.714574
	 3851	0.687519
	 3852	0.578857
	 3853	0.371072
	 3854	0.427855
	 3855	0.55308
	 3856	0.604081
	 3857	0.432072
	 3858	0.273489
	 3859	0.290045
	 3860	0.496656
	 3861	0.600585
	 3862	0.689791
	 3863	0.741782
	 3864	0.793912
	 3865	0.721065
	 3866	0.56917
	 3867	0.564772
	 3868	0.582462
	 3869	0.548004
	 3870	0.416161
	 3871	0.313939
	 3872	0.471819
	 3873	0.58234
	 3874	0.677733
	 3875	0.708332
	 3876	0.748121
	 3877	0.71863
	 3878	0.577667
	 3879	0.484836
	 3880	0.586215
	 3881	0.619425
	 3882	0.509795
	 3883	0.321229
	 3884	0.36253
	 3885	0.583166
	 3886	0.632451
	 3887	0.646178
	 3888	0.660255
	 3889	0.751896
	 3890	0.761741
	 3891	0.70195
	 3892	0.647908
	 3893	0.709809
	 3894	0.685523
	 3895	0.619469
	 3896	0.530235
	 3897	0.574552
	 3898	0.685658
	 3899	0.785905
	 3900	0.778794
	 3901	0.926038
	 3902	0.894267
	 3903	0.816717
	 3904	0.696292
	 3905	0.640978
	 3906	0.594492
	 3907	0.521256
	 3908	0.470129
	 3909	0.619192
	 3910	0.699868
	 3911	0.717519
	 3912	0.568426
	 3913	0.597441
	 3914	0.693439
	 3915	0.832105
	 3916	0.870689
	 3917	0.757919
	 3918	0.539516
	 3919	0.408988
	 3920	0.417289
	 3921	0.57798
	 3922	0.679002
	 3923	0.725448
	 3924	0.633124
	 3925	0.448598
	 3926	0.541977
	 3927	0.823778
	 3928	0.919353
	 3929	0.837905
	 3930	0.709857
	 3931	0.483491
	 3932	0.349359
	 3933	0.460651
	 3934	0.698184
	 3935	0.798335
	 3936	0.7606
	 3937	0.742956
	 3938	0.732853
	 3939	0.756232
	 3940	0.891732
	 3941	0.946459
	 3942	0.962534
	 3943	0.807189
	 3944	0.5454
	 3945	0.537182
	 3946	0.657015
	 3947	0.760713
	 3948	0.791585
	 3949	0.807042
	 3950	0.765078
	 3951	0.750626
	 3952	0.786159
	 3953	0.86104
	 3954	0.828092
	 3955	0.806626
	 3956	0.610364
	 3957	0.4586
	 3958	0.510537
	 3959	0.628632
	 3960	0.59952
	 3961	0.593419
	 3962	0.612318
	 3963	0.693728
	 3964	0.742139
	 3965	0.769881
	 3966	0.879274
	 3967	0.843026
	 3968	0.753075
	 3969	0.562158
	 3970	0.495127
	 3971	0.58878
	 3972	0.690285
	 3973	0.662486
	 3974	0.692108
	 3975	0.784083
	 3976	0.845662
	 3977	0.806898
	 3978	0.779979
	 3979	0.875748
	 3980	0.798539
	 3981	0.771794
	 3982	0.612105
	 3983	0.569128
	 3984	0.589377
	 3985	0.485102
	 3986	0.390906
	 3987	0.555951
	 3988	0.789386
	 3989	0.833294
	 3990	0.693389
	 3991	0.466712
	 3992	0.443243
	 3993	0.520627
	 3994	0.577453
	 3995	0.53967
	 3996	0.426694
	 3997	0.293297
	 3998	0.130651
	 3999	0.231047
	 4000	0.54645
	 4001	0.716183
	 4002	0.702744
	 4003	0.593322
	 4004	0.490747
	 4005	0.508035
	 4006	0.569352
	 4007	0.499229
	 4008	0.482531
	 4009	0.345084
	 4010	0.158685
	 4011	0.108091
	 4012	0.32091
	 4013	0.59558
	 4014	0.689219
	 4015	0.627917
	 4016	0.381325
	 4017	0.296342
	 4018	0.396893
	 4019	0.478126
	 4020	0.409353
	 4021	0.33536
	 4022	0.309532
	 4023	0.189593
	 4024	0.235804
	 4025	0.448648
	 4026	0.572288
	 4027	0.606241
	 4028	0.560905
	 4029	0.469602
	 4030	0.496117
	 4031	0.45838
	 4032	0.311076
	 4033	0.176342
	 4034	0.162659
	 4035	0.240663
	 4036	0.269
	 4037	0.218288
	 4038	0.271753
	 4039	0.312391
	 4040	0.355431
	 4041	0.405409
	 4042	0.492253
	 4043	0.448157
	 4044	0.260457
	 4045	0.0498578
	 4046	0.0697839
	 4047	0.241974
	 4048	0.368078
	 4049	0.419645
	 4050	0.380837
	 4051	0.462392
	 4052	0.498506
	 4053	0.49475
	 4054	0.642238
	 4055	0.635086
	 4056	0.556141
	 4057	0.260724
	 4058	0.0435983
	 4059	0.157697
	 4060	0.351936
	 4061	0.490361
	 4062	0.455912
	 4063	0.252749
	 4064	0.206426
	 4065	0.2703
	 4066	0.432478
	 4067	0.53889
	 4068	0.550401
	 4069	0.332354
	 4070	-0.0538266
	 4071	-0.133846
	 4072	0.105065
	 4073	0.26462
	 4074	0.278631
	 4075	0.277981
	 4076	0.340997
	 4077	0.393003
	 4078	0.42208
	 4079	0.493358
	 4080	0.525503
	 4081	0.561223
	 4082	0.360635
	 4083	-0.00325119
	 4084	0.0698704
	 4085	0.316014
	 4086	0.391545
	 4087	0.383165
	 4088	0.263654
	 4089	0.195133
	 4090	0.214544
	 4091	0.2882
	 4092	0.444816
	 4093	0.48266
	 4094	0.301998
	 4095	-0.30559
	 4096	-0.636494
	 4097	-0.295117
	 4098	0.157336
	 4099	0.268132
	 4100	0.0889414
	 4101	-0.162958
	 4102	-0.250699
	 4103	-0.13522
	 4104	0.230548
	 4105	0.512014
	 4106	0.461531
	 4107	0.0507321
	 4108	-0.470889
	 4109	-0.445417
	 4110	-0.0752954
	 4111	0.29071
	 4112	0.294834
	 4113	0.194557
	 4114	0.0851981
	 4115	0.0764964
	 4116	0.209231
	 4117	0.426917
	 4118	0.513468
	 4119	0.358472
	 4120	-0.0972074
	 4121	-0.377704
	 4122	-0.297277
	 4123	-0.0389094
	 4124	0.150275
	 4125	0.0465115
	 4126	-0.0966386
	 4127	-0.1604
	 4128	-0.0838434
	 4129	0.103217
	 4130	0.195321
	 4131	0.214478
	 4132	-0.00796952
	 4133	-0.27499
	 4134	-0.320912
	 4135	-0.216198
	 4136	-0.110908
	 4137	-0.00836882
	 4138	0.0457039
	 4139	0.0543045
	 4140	0.169794
	 4141	0.274514
	 4142	0.255192
	 4143	0.185734
	 4144	0.139225
	 4145	0.0579923
	 4146	0.0325584
	 4147	-0.0492558
	 4148	-0.14171
	 4149	-0.191578
	 4150	-0.0891212
	 4151	0.111242
	 4152	0.181836
	 4153	0.226865
	 4154	0.301414
	 4155	0.265245
	 4156	0.10324
	 4157	0.0277911
	 4158	0.0947202
	 4159	0.0947783
	 4160	-0.0540352
	 4161	-0.255197
	 4162	-0.203547
	 4163	-0.0418189
	 4164	0.149853
	 4165	0.269832
	 4166	0.299293
	 4167	0.262054
	 4168	0.116026
	 4169	-0.0810535
	 4170	-0.0226448
	 4171	0.104932
	 4172	0.024036
	 4173	-0.209078
	 4174	-0.335453
	 4175	-0.217857
	 4176	0.0497723
	 4177	0.156476
	 4178	0.241934
	 4179	0.334664
	 4180	0.207183
	 4181	-0.0969423
	 4182	-0.198474
	 4183	0.11812
	 4184	0.389224
	 4185	0.209018
	 4186	-0.338927
	 4187	-0.421199
	 4188	-0.194976
	 4189	0.136893
	 4190	0.397536
	 4191	0.49118
	 4192	0.423934
	 4193	0.149953
	 4194	-0.126124
	 4195	-0.0777914
	 4196	0.238448
	 4197	0.366453
	 4198	0.0130078
	 4199	-0.374733
	 4200	-0.411602
	 4201	-0.12426
	 4202	0.314969
	 4203	0.484513
	 4204	0.511364
	 4205	0.3081
	 4206	-0.11801
	 4207	-0.240023
	 4208	0.0463551
	 4209	0.338267
	 4210	0.324074
	 4211	-0.117959
	 4212	-0.50041
	 4213	-0.343487
	 4214	0.0559145
	 4215	0.301105
	 4216	0.383145
	 4217	0.403837
	 4218	0.07951
	 4219	-0.227318
	 4220	-0.216173
	 4221	0.023887
	 4222	0.192184
	 4223	-0.0486976
	 4224	-0.488565
	 4225	-0.539264
	 4226	-0.367626
	 4227	-0.0424059
	 4228	0.200924
	 4229	0.250896
	 4230	0.0936623
	 4231	-0.221624
	 4232	-0.357966
	 4233	-0.236623
	 4234	-0.0429514
	 4235	-0.0610407
	 4236	-0.33403
	 4237	-0.508195
	 4238	-0.457613
	 4239	-0.275039
	 4240	-0.0416215
	 4241	0.103761
	 4242	0.131925
	 4243	-0.0463557
	 4244	-0.26862
	 4245	-0.310274
	 4246	-0.219556
	 4247	-0.127399
	 4248	-0.214233
	 4249	-0.434545
	 4250	-0.584839
	 4251	-0.429561
	 4252	-0.3043
	 4253	-0.175761
	 4254	-0.0525265
	 4255	-0.135972
	 4256	-0.281339
	 4257	-0.448383
	 4258	-0.416413
	 4259	-0.34178
	 4260	-0.336321
	 4261	-0.446562
	 4262	-0.600607
	 4263	-0.501479
	 4264	-0.353519
	 4265	-0.303123
	 4266	-0.293377
	 4267	-0.221256
	 4268	-0.151369
	 4269	-0.222445
	 4270	-0.374146
	 4271	-0.419457
	 4272	-0.371691
	 4273	-0.405103
	 4274	-0.529769
	 4275	-0.60687
	 4276	-0.502686
	 4277	-0.382383
	 4278	-0.31927
	 4279	-0.28286
	 4280	-0.210065
	 4281	-0.184057
	 4282	-0.292656
	 4283	-0.414587
	 4284	-0.454118
	 4285	-0.480762
	 4286	-0.596675
	 4287	-0.553986
	 4288	-0.484333
	 4289	-0.360707
	 4290	-0.385698
	 4291	-0.523596
	 4292	-0.454477
	 4293	-0.272613
	 4294	-0.135265
	 4295	-0.233095
	 4296	-0.433028
	 4297	-0.576485
	 4298	-0.749623
	 4299	-0.727172
	 4300	-0.583857
	 4301	-0.311706
	 4302	-0.298678
	 4303	-0.664807
	 4304	-0.757279
	 4305	-0.591393
	 4306	-0.196154
	 4307	0.0708973
	 4308	-0.0714556
	 4309	-0.56757
	 4310	-0.778167
	 4311	-0.74938
	 4312	-0.54348
	 4313	-0.276812
	 4314	-0.0904825
	 4315	-0.226162
	 4316	-0.552864
	 4317	-0.542733
	 4318	-0.263403
	 4319	0.0371782
	 4320	0.0676534
	 4321	-0.253122
	 4322	-0.476444
	 4323	-0.639711
	 4324	-0.608202
	 4325	-0.557328
	 4326	-0.386146
	 4327	-0.328904
	 4328	-0.585579
	 4329	-0.698541
	 4330	-0.68024
	 4331	-0.463656
	 4332	-0.313714
	 4333	-0.429466
	 4334	-0.61612
	 4335	-0.73173
	 4336	-0.798917
	 4337	-0.868694
	 4338	-0.801861
	 4339	-0.758712
	 4340	-0.674036
	 4341	-0.623541
	 4342	-0.545525
	 4343	-0.471848
	 4344	-0.513124
	 4345	-0.589071
	 4346	-0.638199
	 4347	-0.6291
	 4348	-0.630231
	 4349	-0.65455
	 4350	-0.75387
	 4351	-0.829131
	 4352	-0.772373
	 4353	-0.63481
	 4354	-0.38453
	 4355	-0.212464
	 4356	-0.412124
	 4357	-0.706315
	 4358	-0.691036
	 4359	-0.592249
	 4360	-0.557448
	 4361	-0.643147
	 4362	-0.670477
	 4363	-0.757753
	 4364	-0.828055
	 4365	-0.824819
	 4366	-0.687701
	 4367	-0.503247
	 4368	-0.502111
	 4369	-0.566097
	 4370	-0.543867
	 4371	-0.525643
	 4372	-0.564769
	 4373	-0.709857
	 4374	-0.803422
	 4375	-0.725412
	 4376	-0.746716
	 4377	-0.679232
	 4378	-0.671999
	 4379	-0.527439
	 4380	-0.450138
	 4381	-0.462941
	 4382	-0.465777
	 4383	-0.413195
	 4384	-0.394147
	 4385	-0.675005
	 4386	-0.88687
	 4387	-0.892163
	 4388	-0.620607
	 4389	-0.447446
	 4390	-0.545532
	 4391	-0.689673
	 4392	-0.748269
	 4393	-0.776927
	 4394	-0.628755
	 4395	-0.411205
	 4396	-0.249915
	 4397	-0.529528
	 4398	-0.935974
	 4399	-1.01771
	 4400	-0.907885
	 4401	-0.716481
	 4402	-0.577887
	 4403	-0.715761
	 4404	-0.728603
	 4405	-0.670721
	 4406	-0.635709
	 4407	-0.4847
	 4408	-0.304224
	 4409	-0.30816
	 4410	-0.569996
	 4411	-0.79325
	 4412	-0.74409
	 4413	-0.612097
	 4414	-0.530433
	 4415	-0.561903
	 4416	-0.539421
	 4417	-0.514435
	 4418	-0.483724
	 4419	-0.468318
	 4420	-0.42925
	 4421	-0.334848
	 4422	-0.52093
	 4423	-0.877112
	 4424	-0.961468
	 4425	-0.89736
	 4426	-0.815084
	 4427	-0.659157
	 4428	-0.728196
	 4429	-0.94423
	 4430	-0.968754
	 4431	-0.854371
	 4432	-0.706754
	 4433	-0.445733
	 4434	-0.322822
	 4435	-0.881811
	 4436	-1.25945
	 4437	-0.912375
	 4438	-0.858203
	 4439	-0.75434
	 4440	-0.483711
	 4441	-0.739493
	 4442	-1.02224
	 4443	-0.93544
	 4444	-0.839395
	 4445	-0.615327
	 4446	-0.381088
	 4447	-0.588996
	 4448	-0.955637
	 4449	-0.976538
	 4450	-0.922211
	 4451	-0.847728
	 4452	-0.799968
	 4453	-0.758688
	 4454	-0.800151
	 4455	-0.752409
	 4456	-0.730129
	 4457	-0.602823
	 4458	-0.542369
	 4459	-0.611873
	 4460	-0.713037
	 4461	-0.770062
	 4462	-0.789269
	 4463	-0.841578
	 4464	-0.868436
	 4465	-0.79416
	 4466	-0.68502
	 4467	-0.561599
	 4468	-0.565246
	 4469	-0.473037
	 4470	-0.432749
	 4471	-0.597541
	 4472	-0.712778
	 4473	-0.680951
	 4474	-0.571421
	 4475	-0.612606
	 4476	-0.777926
	 4477	-0.824857
	 4478	-0.803368
	 4479	-0.718422
	 4480	-0.627518
	 4481	-0.496795
	 4482	-0.471434
	 4483	-0.531879
	 4484	-0.759379
	 4485	-0.791283
	 4486	-0.671981
	 4487	-0.501098
	 4488	-0.682596
	 4489	-1.01056
	 4490	-0.959162
	 4491	-0.825016
	 4492	-0.666841
	 4493	-0.62072
	 4494	-0.625201
	 4495	-0.576776
	 4496	-0.701792
	 4497	-0.764773
	 4498	-0.807955
	 4499	-0.7815
	 4500	-0.828214
	 4501	-0.957539
	 4502	-1.05777
	 4503	-0.822973
	 4504	-0.765275
	 4505	-0.773795
	 4506	-0.78681
	 4507	-0.766219
	 4508	-0.712423
	 4509	-0.808264
	 4510	-0.907276
	 4511	-0.882212
	 4512	-0.920218
	 4513	-0.994832
	 4514	-1.0795
	 4515	-0.905982
	 4516	-0.874916
	 4517	-0.929628
	 4518	-1.04178
	 4519	-1.02733
	 4520	-0.902011
	 4521	-0.792202
	 4522	-0.878559
	 4523	-1.00399
	 4524	-1.09802
	 4525	-0.998512
	 4526	-0.91528
	 4527	-1.03455
	 4528	-0.932142
	 4529	-0.972599
	 4530	-0.946542
	 4531	-1.00818
	 4532	-0.999194
	 4533	-0.93284
	 4534	-0.852962
	 4535	-0.825755
	 4536	-0.916349
	 4537	-1.08142
	 4538	-1.02444
	 4539	-0.955304
	 4540	-0.885562
	 4541	-0.952499
	 4542	-1.03365
	 4543	-1.02934
	 4544	-0.922904
	 4545	-0.918682
	 4546	-0.895296
	 4547	-0.936661
	 4548	-0.989668
	 4549	-1.02808
	 4550	-1.04657
	 4551	-1.04479
	 4552	-0.914421
	 4553	-0.872888
	 4554	-0.995732
	 4555	-1.03203
	 4556	-1.02664
	 4557	-0.933465
	 4558	-0.925435
	 4559	-0.878653
	 4560	-0.883668
	 4561	-0.984179
	 4562	-1.04148
	 4563	-0.969994
	 4564	-0.913918
	 4565	-1.01227
	 4566	-0.95109
	 4567	-0.951299
	 4568	-0.89619
	 4569	-0.957811
	 4570	-0.946362
	 4571	-0.979956
	 4572	-0.849812
	 4573	-0.839326
	 4574	-0.96909
	 4575	-1.09813
	 4576	-1.04461
	 4577	-0.849895
	 4578	-0.952119
	 4579	-1.07693
	 4580	-1.00446
	 4581	-0.937599
	 4582	-0.796646
	 4583	-0.921827
	 4584	-0.966539
	 4585	-0.937202
	 4586	-0.916521
	 4587	-1.00068
	 4588	-0.968222
	 4589	-0.981143
	 4590	-0.968167
	 4591	-0.962229
	 4592	-0.913913
	 4593	-0.870955
	 4594	-0.941004
	 4595	-0.8924
	 4596	-0.935453
	 4597	-0.83327
	 4598	-0.722991
	 4599	-0.877803
	 4600	-1.1623
	 4601	-1.06807
	 4602	-0.848407
	 4603	-0.83947
	 4604	-0.921101
	 4605	-1.02718
	 4606	-1.0767
	 4607	-0.906607
	 4608	-0.914551
	 4609	-0.925045
	 4610	-0.831972
	 4611	-0.8641
	 4612	-1.02189
	 4613	-0.984933
	 4614	-1.03861
	 4615	-0.961705
	 4616	-0.922969
	 4617	-0.880432
	 4618	-0.888712
	 4619	-0.944275
	 4620	-0.9467
	 4621	-0.941674
	 4622	-0.755145
	 4623	-0.611663
	 4624	-0.734325
	 4625	-1.03306
	 4626	-1.18501
	 4627	-0.938566
	 4628	-0.82248
	 4629	-0.731659
	 4630	-0.775238
	 4631	-0.930348
	 4632	-0.9996
	 4633	-0.92162
	 4634	-0.776244
	 4635	-0.607646
	 4636	-0.508489
	 4637	-0.803575
	 4638	-1.15007
	 4639	-1.02832
	 4640	-0.855514
	 4641	-0.768011
	 4642	-0.714627
	 4643	-0.872472
	 4644	-0.954226
	 4645	-0.968772
	 4646	-0.802257
	 4647	-0.753141
	 4648	-0.566719
	 4649	-0.617802
	 4650	-0.940878
	 4651	-1.10549
	 4652	-0.931075
	 4653	-0.862616
	 4654	-0.785121
	 4655	-0.849047
	 4656	-0.917792
	 4657	-0.89132
	 4658	-0.843933
	 4659	-0.77756
	 4660	-0.722499
	 4661	-0.5535
	 4662	-0.755852
	 4663	-1.05903
	 4664	-0.979447
	 4665	-0.873306
	 4666	-0.888277
	 4667	-0.856052
	 4668	-0.912904
	 4669	-0.889448
	 4670	-0.809407
	 4671	-0.790563
	 4672	-0.809319
	 4673	-0.788752
	 4674	-0.721332
	 4675	-0.873608
	 4676	-0.919179
	 4677	-0.961253
	 4678	-0.876154
	 4679	-0.94617
	 4680	-0.96164
	 4681	-0.939108
	 4682	-0.74613
	 4683	-0.737344
	 4684	-0.789343
	 4685	-0.896021
	 4686	-0.884209
	 4687	-0.830048
	 4688	-0.909826
	 4689	-0.89199
	 4690	-0.964891
	 4691	-0.939842
	 4692	-0.993124
	 4693	-0.894417
	 4694	-0.812961
	 4695	-0.742014
	 4696	-0.694552
	 4697	-0.825422
	 4698	-0.851932
	 4699	-0.768415
	 4700	-0.777686
	 4701	-0.750403
	 4702	-0.906387
	 4703	-0.854417
	 4704	-0.972467
	 4705	-1.02156
	 4706	-0.872545
	 4707	-0.769788
	 4708	-0.484279
	 4709	-0.534789
	 4710	-0.757463
	 4711	-0.925388
	 4712	-0.801742
	 4713	-0.7673
	 4714	-0.75124
	 4715	-0.807105
	 4716	-0.8657
	 4717	-0.994359
	 4718	-1.05556
	 4719	-0.793292
	 4720	-0.625003
	 4721	-0.409868
	 4722	-0.489292
	 4723	-0.850294
	 4724	-0.96588
	 4725	-0.855043
	 4726	-0.68416
	 4727	-0.569135
	 4728	-0.549916
	 4729	-0.935848
	 4730	-1.03818
	 4731	-0.991073
	 4732	-0.740965
	 4733	-0.398548
	 4734	-0.177492
	 4735	-0.514336
	 4736	-0.74198
	 4737	-0.816608
	 4738	-0.768925
	 4739	-0.652711
	 4740	-0.671936
	 4741	-0.786087
	 4742	-0.952544
	 4743	-0.8885
	 4744	-0.795799
	 4745	-0.645355
	 4746	-0.422658
	 4747	-0.386192
	 4748	-0.605773
	 4749	-0.772985
	 4750	-0.752934
	 4751	-0.637525
	 4752	-0.388678
	 4753	-0.394656
	 4754	-0.666085
	 4755	-0.875917
	 4756	-0.874624
	 4757	-0.589732
	 4758	-0.246111
	 4759	-0.0533269
	 4760	-0.104196
	 4761	-0.41922
	 4762	-0.657994
	 4763	-0.573252
	 4764	-0.341475
	 4765	-0.233638
	 4766	-0.412071
	 4767	-0.713444
	 4768	-0.780329
	 4769	-0.673818
	 4770	-0.530193
	 4771	-0.46058
	 4772	-0.386306
	 4773	-0.401376
	 4774	-0.516464
	 4775	-0.677397
	 4776	-0.668661
	 4777	-0.55364
	 4778	-0.492458
	 4779	-0.735431
	 4780	-0.904906
	 4781	-0.805911
	 4782	-0.588453
	 4783	-0.369853
	 4784	-0.331385
	 4785	-0.239588
	 4786	-0.27084
	 4787	-0.447029
	 4788	-0.538674
	 4789	-0.541511
	 4790	-0.394057
	 4791	-0.494516
	 4792	-0.779859
	 4793	-0.833328
	 4794	-0.760591
	 4795	-0.607479
	 4796	-0.499477
	 4797	-0.356051
	 4798	-0.362709
	 4799	-0.578579
	 4800	-0.844551
	 4801	-0.760296
	 4802	-0.505895
	 4803	-0.247526
	 4804	-0.475657
	 4805	-0.779231
	 4806	-0.818845
	 4807	-0.623995
	 4808	-0.353378
	 4809	-0.250855
	 4810	-0.21597
	 4811	-0.256665
	 4812	-0.471114
	 4813	-0.641628
	 4814	-0.656107
	 4815	-0.62496
	 4816	-0.717729
	 4817	-0.904845
	 4818	-0.862014
	 4819	-0.833364
	 4820	-0.843626
	 4821	-0.93568
	 4822	-0.868975
	 4823	-0.729813
	 4824	-0.64045
	 4825	-0.639894
	 4826	-0.751778
	 4827	-0.984627
	 4828	-0.950941
	 4829	-0.898741
	 4830	-0.83051
	 4831	-0.737298
	 4832	-0.565165
	 4833	-0.61335
	 4834	-0.689227
	 4835	-0.593088
	 4836	-0.438049
	 4837	-0.275263
	 4838	-0.334213
	 4839	-0.448507
	 4840	-0.571452
	 4841	-0.687655
	 4842	-0.708206
	 4843	-0.67518
	 4844	-0.539163
	 4845	-0.602883
	 4846	-0.716924
	 4847	-0.790362
	 4848	-0.68227
	 4849	-0.53306
	 4850	-0.366917
	 4851	-0.433359
	 4852	-0.662651
	 4853	-0.824115
	 4854	-0.887715
	 4855	-0.739067
	 4856	-0.563845
	 4857	-0.447829
	 4858	-0.427379
	 4859	-0.379363
	 4860	-0.264138
	 4861	-0.194369
	 4862	-0.130263
	 4863	-0.0425906
	 4864	-0.067118
	 4865	-0.302464
	 4866	-0.528254
	 4867	-0.537481
	 4868	-0.421723
	 4869	-0.341659
	 4870	-0.419052
	 4871	-0.453304
	 4872	-0.419981
	 4873	-0.401275
	 4874	-0.372304
	 4875	-0.321068
	 4876	-0.243083
	 4877	-0.327456
	 4878	-0.507773
	 4879	-0.575086
	 4880	-0.470973
	 4881	-0.463765
	 4882	-0.504942
	 4883	-0.453977
	 4884	-0.299758
	 4885	-0.0659132
	 4886	0.026074
	 4887	-0.146008
	 4888	-0.260085
	 4889	-0.166624
	 4890	-0.211278
	 4891	-0.338659
	 4892	-0.342836
	 4893	-0.364987
	 4894	-0.467324
	 4895	-0.529517
	 4896	-0.454759
	 4897	-0.287165
	 4898	-0.214333
	 4899	-0.357323
	 4900	-0.535182
	 4901	-0.625591
	 4902	-0.625725
	 4903	-0.653827
	 4904	-0.765154
	 4905	-0.723033
	 4906	-0.84118
	 4907	-0.96182
	 4908	-0.911782
	 4909	-0.654707
	 4910	-0.264218
	 4911	-0.105567
	 4912	-0.460153
	 4913	-0.69218
	 4914	-0.598198
	 4915	-0.455763
	 4916	-0.326632
	 4917	-0.370345
	 4918	-0.553351
	 4919	-0.755576
	 4920	-0.833907
	 4921	-0.754175
	 4922	-0.58978
	 4923	-0.44393
	 4924	-0.493965
	 4925	-0.653067
	 4926	-0.705198
	 4927	-0.71093
	 4928	-0.757091
	 4929	-0.927363
	 4930	-0.886786
	 4931	-0.830464
	 4932	-0.778586
	 4933	-0.724369
	 4934	-0.673524
	 4935	-0.5499
	 4936	-0.538328
	 4937	-0.475091
	 4938	-0.38617
	 4939	-0.335113
	 4940	-0.494345
	 4941	-0.687831
	 4942	-0.731666
	 4943	-0.6826
	 4944	-0.672497
	 4945	-0.67845
	 4946	-0.665654
	 4947	-0.676808
	 4948	-0.694819
	 4949	-0.587622
	 4950	-0.528488
	 4951	-0.464905
	 4952	-0.533515
	 4953	-0.639395
	 4954	-0.701286
	 4955	-0.784035
	 4956	-0.814663
	 4957	-0.710757
	 4958	-0.560045
	 4959	-0.512866
	 4960	-0.508064
	 4961	-0.545892
	 4962	-0.413805
	 4963	-0.202273
	 4964	-0.20451
	 4965	-0.28386
	 4966	-0.458269
	 4967	-0.53647
	 4968	-0.515415
	 4969	-0.510645
	 4970	-0.37674
	 4971	-0.215311
	 4972	-0.234054
	 4973	-0.320367
	 4974	-0.271526
	 4975	-0.104455
	 4976	-0.00212253
	 4977	-0.146531
	 4978	-0.372847
	 4979	-0.40986
	 4980	-0.352226
	 4981	-0.483929
	 4982	-0.561836
	 4983	-0.498549
	 4984	-0.396362
	 4985	-0.368834
	 4986	-0.388317
	 4987	-0.263473
	 4988	-0.153314
	 4989	-0.213864
	 4990	-0.351363
	 4991	-0.334057
	 4992	-0.247505
	 4993	-0.29743
	 4994	-0.367771
	 4995	-0.297283
	 4996	-0.126563
	 4997	0.0484715
	 4998	-0.0978338
	 4999	-0.193443
	 5000	0.0512122
	 5001	0.258819
	 5002	0.232965
	 5003	-0.0227619
	 5004	-0.306507
	 5005	-0.40111
	 5006	-0.425672
	 5007	-0.383336
	 5008	-0.219667
	 5009	-0.138021
	 5010	-0.169031
	 5011	-0.31612
	 5012	-0.282764
	 5013	-0.010823
	 5014	0.139737
	 5015	0.0646623
	 5016	-0.150266
	 5017	-0.198403
	 5018	-0.156922
	 5019	-0.254186
	 5020	-0.273071
	 5021	-0.154419
	 5022	-0.0479286
	 5023	0.0238155
	 5024	0.0619584
	 5025	0.108344
	 5026	0.19532
	 5027	0.168556
	 5028	0.0232308
	 5029	-0.128943
	 5030	-0.183326
	 5031	-0.290914
	 5032	-0.29376
	 5033	-0.195722
	 5034	-0.0295756
	 5035	0.0131736
	 5036	-0.0585369
	 5037	-0.0826738
	 5038	0.0915224
	 5039	0.299493
	 5040	0.320453
	 5041	0.113966
	 5042	-0.100834
	 5043	-0.217062
	 5044	-0.30193
	 5045	-0.274204
	 5046	-0.16566
	 5047	-0.0965021
	 5048	-0.0946694
	 5049	-0.0819965
	 5050	0.00241257
	 5051	0.051191
	 5052	-0.136871
	 5053	-0.312874
	 5054	-0.294404
	 5055	-0.203936
	 5056	-0.168265
	 5057	-0.402502
	 5058	-0.607497
	 5059	-0.586293
	 5060	-0.434503
	 5061	-0.177777
	 5062	-0.0390152
	 5063	-0.0670692
	 5064	-0.247599
	 5065	-0.524492
	 5066	-0.555738
	 5067	-0.377627
	 5068	-0.206395
	 5069	-0.264871
	 5070	-0.616903
	 5071	-0.708001
	 5072	-0.580233
	 5073	-0.371823
	 5074	-0.154473
	 5075	-0.023495
	 5076	-0.0714281
	 5077	-0.254626
	 5078	-0.45565
	 5079	-0.394063
	 5080	-0.214998
	 5081	-0.117268
	 5082	-0.297178
	 5083	-0.585498
	 5084	-0.560343
	 5085	-0.443639
	 5086	-0.242345
	 5087	-0.154792
	 5088	-0.128106
	 5089	-0.14252
	 5090	-0.250529
	 5091	-0.404713
	 5092	-0.396731
	 5093	-0.2803
	 5094	-0.360752
	 5095	-0.503178
	 5096	-0.522437
	 5097	-0.3657
	 5098	-0.24319
	 5099	-0.326979
	 5100	-0.293236
	 5101	-0.127317
	 5102	0.0302975
	 5103	-0.0164492
	 5104	-0.166299
	 5105	-0.2292
	 5106	-0.308699
	 5107	-0.408777
	 5108	-0.37524
	 5109	-0.162948
	 5110	-0.00859021
	 5111	-0.100237
	 5112	-0.328165
	 5113	-0.262032
	 5114	0.0321775
	 5115	0.296457
	 5116	0.244947
	 5117	-0.141723
	 5118	-0.385819
	 5119	-0.563645
